100
10 65
13 1348
2 1
6 29
4 3
5 16
9 28
13 4059
20 387286
12 1679
8 6
18 82690
14 7526
7 18
19 28538
6 11
2 1
12 1046
7 51
12 350
13 3137
3 3
5 8
13 1073
17 40748
11 1007
3 2
9 234
15 2864
11 283
15 7332
9 166
17 55142
17 43738
13 1415
16 25618
16 383
6 11
9 99
16 31262
8 107
20 279546
7 45
10 457
5 10
3 4
17 35313
12 1552
4 3
15 8605
10 185
14 6030
18 114908
7 50
7 50
16 31077
13 1613
3 1
9 137
13 677
18 111415
15 8058
20 54825
4 1
10 413
16 16334
13 527
11 433
15 7667
5 14
4 5
14 5823
5 4
10 104
10 397
5 10
8 36
7 36
7 60
3 4
9 225
18 123045
12 1671
12 713
3 1
2 1
4 6
12 870
20 147410
6 21
9 199
4 5
7 13
5 11
4 6
9 163
5 13
19 97871
7 23
8 29
-1
