1000
4 2
7 54
9 110
18 82593
18 107682
10 319
10 44
14 7144
3 2
12 491
15 9413
12 1272
8 11
8 103
12 474
5 4
16 26387
2 1
19 160491
9 99
7 4
3 2
12 1332
16 5401
9 105
7 15
12 150
7 51
3 1
20 441982
14 5671
17 50742
7 10
4 7
11 933
5 7
10 371
19 134403
3 2
5 9
15 14886
7 10
6 24
11 815
8 85
17 51233
5 13
3 2
17 16848
9 146
14 6223
16 32471
18 94118
4 7
7 19
18 52920
11 1023
20 447944
20 236269
11 147
3 1
7 28
19 159404
14 3010
16 10725
2 1
7 27
16 7677
9 79
14 7421
20 75583
5 13
20 211864
16 24959
15 3855
14 2202
18 74355
18 5734
5 9
20 431690
14 3236
14 3138
2 2
20 102729
20 305793
6 26
15 2706
6 3
9 184
20 31063
16 25716
10 252
8 127
12 1445
2 1
13 402
8 54
18 98251
5 8
13 3195
3 2
20 313055
7 63
11 995
4 6
7 6
2 2
12 274
9 112
4 3
10 314
12 1696
18 118081
16 21009
13 2547
12 855
7 6
9 29
20 160285
12 1381
19 191888
4 1
2 1
11 433
6 32
3 1
9 225
18 15933
5 15
16 20778
11 566
8 125
18 129566
17 2012
4 3
11 342
6 18
3 3
16 1311
10 297
3 1
6 13
17 28196
12 430
12 58
4 5
8 95
5 6
7 35
13 1325
6 14
17 30179
18 28235
4 2
7 49
10 447
15 9627
13 2678
7 47
3 2
6 7
3 2
5 3
6 19
8 69
11 805
3 2
4 2
9 194
13 2855
2 2
20 448581
19 138787
9 122
12 1731
11 884
12 702
18 86654
14 7434
15 2422
19 125815
6 16
16 14448
13 67
9 39
8 11
12 2016
13 1915
19 149772
16 29730
4 1
12 352
4 1
4 8
12 1706
20 254921
14 5250
12 682
12 191
15 4980
16 23235
16 6859
6 32
8 43
17 54126
9 53
6 29
13 4082
15 2446
10 432
12 1256
14 5509
2 1
12 252
5 3
15 1977
9 43
2 1
9 68
15 7625
10 310
19 164347
19 46150
3 3
8 22
4 2
6 29
18 89055
18 46663
11 320
16 22615
10 39
5 4
3 3
9 188
7 20
6 20
15 8638
7 61
13 128
12 1974
2 2
20 347970
2 2
18 43171
16 26586
19 86437
14 4674
8 82
12 233
18 62790
16 24796
18 80002
8 118
12 1366
11 261
4 3
11 340
15 15763
5 11
7 14
13 1043
19 188227
5 16
6 20
6 1
10 385
10 8
12 1882
18 93862
3 4
18 41839
7 17
4 3
11 534
13 2647
19 178015
4 4
5 4
7 62
2 1
7 55
6 24
4 3
18 123024
13 3020
8 57
15 5686
6 2
7 51
19 166057
14 1220
17 24531
18 98834
11 32
5 3
19 143208
10 11
4 4
20 255666
5 10
18 14203
17 37950
11 129
8 43
18 28892
20 492316
17 10654
2 1
6 32
16 6813
3 4
15 5318
11 646
2 1
19 109334
17 27793
20 65941
20 112162
8 50
11 723
4 6
8 42
17 32671
4 4
4 8
10 152
17 8432
9 173
6 32
5 1
17 58140
7 51
19 239199
11 858
3 3
10 57
9 7
6 17
4 8
14 1973
10 100
15 1142
18 49804
3 3
13 3799
17 45526
11 712
15 5320
5 9
8 92
12 1320
10 332
3 1
11 136
5 8
11 964
19 150044
12 1802
18 76574
5 12
10 32
16 4638
4 2
12 1534
20 253852
20 239039
11 227
15 15670
19 186495
15 9097
4 3
10 411
4 2
19 52562
15 8202
12 1220
7 54
11 895
15 945
11 523
10 308
13 564
16 9743
3 3
14 6436
11 497
5 3
4 5
16 28491
17 28789
13 1384
14 7696
2 2
19 84890
19 138164
9 188
7 30
16 19409
13 3790
15 9780
2 1
20 121359
3 2
6 13
17 40968
11 489
9 207
8 26
16 12683
16 23897
3 1
4 8
12 165
11 781
9 160
2 1
18 81348
10 162
7 62
19 59031
5 13
2 1
8 15
18 73029
8 118
2 1
9 22
9 2
7 15
2 2
3 2
20 91469
8 120
19 123504
6 30
5 5
10 503
12 623
11 704
7 63
3 3
5 9
19 47104
10 158
12 1821
7 22
15 10820
2 1
8 109
12 36
17 14543
19 247691
11 150
18 64064
13 3981
20 76584
15 8276
4 8
2 2
11 606
3 2
6 3
4 4
19 4446
17 39505
8 46
11 388
8 22
14 541
9 78
14 5460
13 3057
4 6
8 107
14 6149
14 1694
18 23487
8 48
13 132
2 1
4 7
15 11679
15 12202
6 23
10 226
10 321
7 56
3 2
20 326352
19 25579
17 10710
4 6
18 24791
17 30722
9 1
17 19111
17 44834
10 363
11 101
19 234651
18 82504
17 16012
4 7
7 50
14 7049
3 4
3 3
14 5513
9 185
11 649
7 27
7 6
12 610
19 153422
8 100
12 1957
2 1
17 6936
15 11142
11 283
5 7
15 11090
7 7
2 2
15 14877
10 274
2 2
4 4
8 100
6 8
17 13367
16 8630
11 251
8 127
3 3
12 195
14 3721
9 193
10 370
20 43987
14 7297
20 316289
10 38
13 457
8 52
9 31
12 648
13 3613
10 255
15 11070
12 976
9 195
13 3873
10 263
20 81837
16 10873
7 62
16 19280
15 2149
18 21832
5 13
11 32
19 128476
7 57
10 466
8 13
6 26
10 42
9 121
11 906
4 4
12 411
6 12
14 7504
16 16547
17 21672
6 20
19 200297
9 78
18 34502
5 15
17 49162
15 5352
4 8
12 21
6 12
6 30
15 9153
20 459902
2 2
10 360
17 23744
13 590
7 57
11 612
16 8539
11 379
7 56
4 6
4 6
6 24
15 12015
4 8
14 2141
18 127480
7 20
2 1
7 3
9 73
16 17439
2 2
19 115334
18 12932
6 31
11 831
20 38851
13 3580
7 6
9 38
16 31353
15 11846
7 52
15 13518
3 1
18 17356
12 648
13 1464
8 95
18 78610
17 34036
11 228
7 11
17 46703
3 2
2 2
3 3
9 81
18 99427
10 5
2 2
8 62
9 220
20 269315
10 102
13 2370
12 264
14 5536
20 467851
6 7
11 383
19 203927
5 11
3 4
4 3
12 1341
16 19621
7 7
5 11
8 79
9 9
16 8518
14 6293
11 297
20 477465
2 1
5 12
8 4
16 31253
3 2
13 2289
18 65332
7 57
2 1
14 5410
16 26045
9 204
15 4958
11 942
10 427
4 3
2 2
14 274
8 25
15 14690
11 90
3 4
4 4
6 8
7 22
11 349
3 4
17 11215
14 6951
9 84
8 32
6 1
2 1
9 173
4 1
19 96849
3 3
14 6016
8 34
3 3
4 1
16 29776
2 1
3 3
17 47627
3 2
2 1
18 63996
13 1450
6 31
2 1
7 46
12 1558
11 515
2 2
20 248251
2 1
10 118
8 11
13 2855
16 22155
6 6
3 1
3 1
17 34181
16 8904
15 14207
7 50
19 160287
17 17913
3 3
17 8259
8 23
19 134286
3 4
14 1370
10 302
3 3
15 210
12 1271
15 11212
10 269
18 98245
20 317903
14 4078
10 34
20 408342
17 17425
18 79105
2 1
15 8348
7 46
9 148
16 6252
8 94
2 1
6 16
19 122040
3 3
6 3
15 13316
14 6048
20 20216
16 16368
9 169
10 78
14 4154
3 4
7 15
3 1
15 5588
17 62897
5 8
14 1639
16 29836
5 5
8 14
5 11
17 55406
7 37
3 2
8 115
4 3
8 18
12 800
11 294
7 57
17 23728
17 60871
15 6131
2 2
14 6893
17 34648
15 15375
3 3
16 28031
6 11
10 492
14 1743
11 31
12 1732
19 183004
2 1
15 10877
2 2
16 641
19 197066
8 61
11 325
4 4
11 873
8 108
19 91569
18 54761
19 160657
17 42942
8 73
16 20357
15 11851
19 76469
3 4
5 7
7 46
7 13
20 162150
12 496
9 189
15 9603
14 5051
5 7
13 2344
7 29
9 60
7 50
14 5972
12 480
3 4
8 44
5 7
11 466
9 57
13 1357
6 6
20 328003
15 2121
6 26
8 36
13 2811
19 208203
15 10221
4 4
14 4990
10 491
12 200
5 8
20 359853
19 152220
11 369
9 69
13 1666
14 8014
12 784
12 393
16 3181
14 4099
2 2
5 7
9 244
7 18
13 723
20 310539
7 30
13 2704
5 2
5 1
20 98053
16 19210
18 69192
13 3373
9 53
3 1
6 20
14 6166
12 1327
15 8615
11 727
9 33
7 63
18 127385
7 8
16 24903
9 31
10 435
10 224
19 156314
11 219
16 10527
20 19452
13 1211
13 2049
12 2024
13 2177
11 154
6 26
11 395
13 441
18 105742
2 2
17 21092
20 514070
16 24158
14 5522
7 41
6 24
19 37364
14 910
9 124
2 1
18 73773
15 11443
10 495
20 254693
9 41
10 399
7 24
17 36132
5 10
19 133344
15 5853
11 617
2 1
4 7
18 31734
14 7881
10 493
4 1
17 29638
13 1341
13 3612
17 9917
16 6915
9 87
8 88
15 938
12 465
10 386
11 527
5 6
12 334
14 1599
17 56827
2 1
15 14101
7 21
15 6129
16 30636
3 1
7 7
12 864
11 320
4 7
17 45500
8 80
20 304487
16 29946
19 115874
6 6
10 490
14 2023
19 167574
18 47427
6 7
8 6
3 3
16 12124
5 7
6 21
5 1
15 13004
11 845
20 84346
19 107272
7 13
3 3
5 13
17 3579
4 5
9 227
10 208
6 22
7 63
17 12812
11 854
4 8
18 78991
-1
