64
43 430 149 234 943 123 494 128 632 188 667 881 355 889 905 69 766 370 444 624 89 185 348 537 295 158 5 756 906 224 757 879 415 625 224 778 76 364 798 185 562 259 335 222 792 523 19 987 605 51 716 67 186 57 235 190 814 19 330 815 906 123 191 388 
1342
32 9 779
14 29 798
61 46 882
29 25 321
30 28 576
23 22 88
12 41 807
12 7 800
10 52 22
16 51 745
62 36 835
41 6 339
51 47 443
59 33 982
3 41 243
25 33 565
56 25 266
33 35 451
1 46 900
5 48 794
62 64 367
9 19 474
9 40 283
39 34 891
14 11 745
35 28 939
38 7 450
23 50 900
54 43 478
41 45 170
11 14 364
63 42 175
3 16 446
23 44 585
35 1 760
51 13 651
38 57 200
30 46 763
13 16 635
54 1 705
43 58 218
3 16 671
24 23 584
5 8 308
18 55 26
51 47 73
62 31 406
45 32 947
7 55 218
51 64 801
25 29 161
59 63 783
57 61 403
31 14 65
26 49 475
34 25 197
25 33 750
46 41 718
28 47 328
63 26 46
4 9 966
11 18 142
19 46 551
33 15 12
55 37 536
27 26 565
33 44 226
46 41 817
4 14 368
63 14 855
56 33 613
7 15 550
28 9 504
2 51 481
55 36 569
7 45 526
62 40 338
60 38 528
40 52 292
12 6 914
61 45 814
36 56 386
7 35 89
40 9 632
11 61 326
46 48 428
52 63 45
11 30 768
22 55 560
20 21 466
10 44 243
50 63 709
7 27 833
20 11 318
60 26 647
12 41 538
7 44 949
19 32 566
3 9 348
12 14 404
17 64 167
50 28 867
48 5 929
3 4 81
46 16 171
59 17 872
52 48 932
23 35 341
23 56 7
64 22 833
3 29 277
22 46 879
56 17 853
44 13 269
20 61 107
6 29 524
2 62 546
36 13 466
58 31 268
33 19 826
11 43 345
31 8 375
30 44 575
53 60 196
10 44 20
64 27 275
12 32 18
18 30 774
43 33 31
23 52 185
20 25 147
37 64 966
64 13 85
32 18 667
9 59 444
4 34 12
12 39 987
13 45 134
9 11 661
6 28 298
25 7 185
55 4 335
57 20 875
27 1 5
51 2 418
40 13 525
48 2 339
59 31 83
42 49 710
26 2 958
11 45 843
11 45 855
15 14 445
60 51 34
35 31 394
3 36 842
63 3 398
30 27 600
22 47 391
31 38 661
29 57 118
63 49 708
22 38 887
24 46 991
12 8 22
45 37 590
36 50 685
52 17 510
15 17 271
27 61 822
63 9 108
5 9 465
61 18 469
25 1 390
39 17 325
12 23 640
18 31 285
36 21 495
45 24 926
49 53 938
23 19 888
24 34 925
6 52 37
30 57 789
21 25 899
25 22 552
35 32 906
8 35 812
1 28 975
17 15 913
30 28 163
21 27 280
29 32 785
5 64 538
49 24 882
12 2 149
17 2 326
33 11 900
12 31 537
43 51 422
58 64 622
22 46 949
63 28 977
25 6 606
30 57 575
19 49 200
42 15 559
8 28 12
44 33 744
62 22 956
28 35 890
20 36 481
32 14 104
46 51 845
61 2 832
63 60 556
43 41 871
54 28 475
35 47 88
50 38 408
38 58 60
53 61 348
28 46 59
38 16 394
61 64 250
34 61 767
20 2 209
32 45 681
64 20 858
21 23 363
62 59 898
59 9 429
39 55 870
57 32 455
58 46 853
17 52 972
48 1 189
8 63 552
13 36 797
9 35 930
46 39 144
24 13 997
24 21 685
63 41 418
24 42 670
54 12 839
41 27 89
39 13 742
9 43 682
64 7 609
21 15 338
48 35 549
57 62 213
30 28 80
54 18 321
60 51 640
50 29 103
36 17 373
31 9 412
59 51 761
48 52 256
33 6 186
15 59 946
34 17 296
16 34 499
12 36 789
20 14 883
23 37 127
59 9 883
15 6 936
51 36 710
46 60 321
59 33 378
26 54 319
16 5 269
19 17 800
4 9 463
31 36 727
43 4 818
55 12 294
19 40 410
33 43 710
29 28 770
60 34 290
7 48 343
48 21 137
8 4 883
52 48 515
44 57 70
21 53 532
50 47 299
40 22 965
4 13 220
4 58 148
31 32 27
6 59 374
47 12 263
28 27 523
14 43 285
19 22 461
4 10 238
31 33 131
8 3 681
47 51 932
10 24 556
57 34 977
63 41 362
57 43 392
40 8 961
43 64 888
8 52 378
7 29 394
2 28 649
64 58 395
25 23 335
54 57 95
51 57 23
38 63 964
59 4 44
17 28 236
5 16 970
1 61 843
7 28 739
43 58 765
15 63 97
40 57 597
21 41 679
1 16 650
7 56 329
2 29 732
7 12 189
43 48 689
21 11 145
59 5 799
5 6 546
19 29 947
57 1 875
22 21 95
34 42 565
12 40 792
53 49 339
31 32 885
4 57 508
27 8 32
26 64 617
34 58 903
29 30 286
50 3 760
42 18 716
20 39 421
34 61 517
18 57 661
1 46 822
57 48 830
27 18 508
20 2 289
37 49 782
22 35 520
57 53 75
51 11 632
28 14 794
43 2 540
58 51 949
25 22 404
30 26 372
52 54 950
8 29 403
63 22 747
44 1 525
21 56 477
24 46 16
19 26 566
55 4 268
14 23 832
6 1 191
29 61 422
7 11 718
46 59 402
40 56 16
11 6 38
13 4 175
40 6 553
56 60 203
1 63 369
40 20 588
52 43 493
6 57 755
20 53 65
12 36 653
17 15 960
4 47 12
16 36 9
3 21 775
32 54 986
51 23 570
29 2 343
23 50 497
35 38 81
61 59 873
39 18 611
23 39 900
47 18 868
64 56 520
62 30 507
27 2 298
51 1 268
36 40 708
49 11 138
25 49 548
9 31 875
13 6 897
57 7 604
11 36 140
58 64 501
5 15 126
28 17 887
24 10 187
16 51 125
57 44 92
15 35 846
3 58 53
13 6 628
18 36 686
59 9 795
34 31 289
44 31 731
9 53 158
51 62 97
30 35 781
42 38 986
1 20 786
55 34 884
8 5 616
53 45 363
3 53 664
7 46 51
2 60 744
41 52 397
22 10 973
53 51 261
30 48 947
10 51 931
10 58 952
26 49 875
60 21 506
10 25 563
33 6 744
21 43 873
19 62 218
9 43 694
59 63 442
6 35 464
51 34 306
43 64 532
57 60 623
16 33 483
60 11 907
24 43 361
63 31 72
34 37 190
22 38 333
56 22 238
45 61 843
4 49 130
57 53 481
3 4 938
18 9 968
42 12 755
40 58 633
10 63 877
46 55 382
19 24 730
30 4 218
46 61 55
36 22 816
46 57 67
44 31 390
55 18 955
49 25 189
46 34 406
51 26 944
44 54 520
30 6 897
5 30 820
28 23 332
22 34 229
44 61 810
36 50 777
39 18 8
48 10 769
30 11 941
64 33 203
30 9 278
57 49 223
40 44 525
22 51 71
24 5 344
25 19 48
2 21 530
16 31 690
36 47 656
55 20 900
16 20 840
43 46 307
10 20 278
38 24 22
20 11 670
13 37 48
40 3 897
14 39 259
59 57 873
28 20 410
19 13 838
33 59 23
61 57 489
12 24 368
13 16 795
49 7 441
10 51 189
29 8 69
24 50 505
60 43 347
16 3 848
56 24 304
55 5 442
38 47 972
59 11 498
2 52 52
47 17 821
16 14 846
32 13 932
4 30 929
16 9 859
60 53 551
20 50 733
6 25 298
57 45 950
38 60 889
64 52 157
41 49 339
55 56 414
27 4 419
31 17 768
61 58 943
32 1 398
21 10 807
63 24 66
63 19 47
59 50 642
45 54 931
23 55 503
16 4 341
46 26 92
27 41 478
5 6 643
29 22 921
54 64 531
28 30 288
1 45 534
44 61 853
25 35 334
26 31 842
15 40 387
45 47 582
9 42 444
23 2 867
20 24 103
13 15 95
17 49 125
27 25 854
32 23 963
13 63 431
24 37 704
18 46 297
63 40 811
2 55 136
45 11 493
29 36 570
64 63 848
6 38 700
35 18 986
35 7 14
48 63 255
24 13 749
64 41 765
43 2 250
50 2 501
4 36 175
7 8 434
41 28 339
52 10 966
60 25 841
4 62 81
64 26 154
34 15 296
54 10 236
2 21 934
60 50 255
62 9 480
24 54 995
31 18 375
5 20 220
38 15 137
25 12 615
4 1 35
10 34 328
39 25 506
29 41 253
52 25 69
38 33 278
29 3 657
52 41 950
52 8 537
56 33 558
37 61 249
60 29 871
49 16 943
15 28 66
26 11 832
36 11 300
7 1 952
63 33 266
23 3 164
37 46 583
2 14 951
19 27 706
9 6 333
58 46 868
57 17 384
62 52 472
1 41 872
13 53 485
54 61 542
2 6 696
35 40 850
28 47 79
7 62 719
60 18 431
51 15 429
41 11 580
15 37 685
27 41 355
29 31 395
61 25 985
19 38 659
2 55 703
48 63 363
13 23 644
41 44 820
41 8 101
50 11 104
44 34 203
32 18 348
38 28 378
29 1 493
30 45 709
4 48 992
18 54 513
23 46 443
30 1 570
48 17 875
61 13 196
28 38 622
59 12 147
33 19 275
51 37 13
55 4 18
25 38 832
38 48 290
56 18 475
45 29 287
11 35 458
5 35 998
64 59 11
39 62 863
42 63 349
55 31 485
44 54 100
57 1 538
9 60 388
11 27 401
39 38 913
34 7 882
10 27 724
48 18 23
14 3 765
16 2 258
15 2 680
1 39 769
47 63 416
29 28 286
10 16 793
28 46 868
4 39 179
35 58 517
21 24 193
35 32 284
64 55 608
17 59 783
10 60 6
51 2 469
3 53 422
7 24 183
26 12 424
24 37 904
32 17 760
30 5 285
59 23 661
40 31 720
53 36 940
55 1 533
49 31 571
32 63 477
54 51 488
45 30 108
23 4 91
8 18 78
6 3 517
12 22 561
29 16 288
10 17 503
31 53 839
51 26 955
35 24 552
63 57 637
39 11 530
49 41 546
54 13 521
20 1 946
28 62 541
3 24 105
55 11 836
37 52 57
4 30 111
24 48 31
29 38 48
18 6 532
21 42 46
47 40 592
33 8 598
52 40 645
2 12 1
36 59 502
61 46 733
20 13 612
5 24 728
59 40 622
60 35 791
52 24 162
5 9 168
52 49 310
37 62 312
50 62 163
12 50 299
17 62 975
12 42 778
8 16 583
34 20 294
24 18 175
20 45 785
7 58 140
11 50 175
4 21 647
57 32 315
59 26 492
53 27 302
24 36 29
22 60 537
3 12 595
30 51 829
9 51 636
60 57 323
50 52 399
51 36 507
16 55 337
45 52 290
53 48 163
24 39 254
8 4 210
5 6 56
31 24 261
4 57 95
27 56 523
39 58 527
12 24 980
36 10 157
9 64 637
44 21 930
48 58 831
55 47 474
53 7 748
56 29 329
48 40 87
40 38 723
35 34 948
31 38 332
56 3 816
62 45 409
27 23 816
16 46 319
45 14 360
3 44 98
62 28 369
58 50 211
14 8 265
17 41 485
3 41 518
36 54 801
48 55 489
32 56 116
41 14 780
46 3 292
15 26 979
11 45 250
42 30 525
54 7 975
39 63 645
30 1 999
4 56 451
42 54 18
34 11 373
52 53 755
28 16 506
49 17 745
16 2 448
7 42 688
24 62 859
15 14 1
60 30 797
64 31 578
11 33 103
54 63 349
19 8 653
24 26 234
8 34 556
18 37 905
3 36 63
20 52 13
19 10 468
8 18 353
50 64 434
12 26 981
47 7 332
3 42 349
25 35 440
30 39 200
35 46 918
28 60 347
56 44 300
38 52 673
63 32 266
13 49 824
13 3 818
39 36 868
45 58 276
35 57 990
60 1 815
58 32 475
6 41 270
56 50 783
64 52 752
47 6 706
29 47 20
35 54 25
58 44 182
49 27 100
11 26 184
3 58 353
40 32 231
50 47 773
60 40 497
10 15 587
42 5 614
51 9 771
53 29 304
18 21 190
26 39 39
35 30 67
50 63 82
64 16 27
20 50 730
31 9 720
2 60 421
49 12 368
14 13 493
39 15 234
60 5 12
4 46 784
1 49 469
44 51 976
50 40 116
63 9 458
49 57 449
13 20 369
20 9 968
2 40 320
45 14 696
64 21 133
30 41 495
31 56 336
12 29 485
47 6 665
52 47 669
46 40 3
54 7 321
7 29 916
19 60 817
30 23 689
12 35 889
44 52 503
31 11 996
28 41 360
40 9 28
41 18 970
44 40 416
46 21 248
45 64 215
1 57 742
15 7 106
48 53 568
41 47 298
52 2 604
26 58 620
28 5 654
6 61 936
27 58 129
39 17 609
1 62 320
56 57 849
61 38 813
37 20 872
16 45 42
25 55 23
27 38 912
14 42 80
19 32 960
23 32 195
29 60 326
32 31 831
57 27 345
24 34 526
50 36 281
24 38 3
37 38 644
44 7 172
54 62 477
13 19 340
43 37 692
9 14 817
19 40 83
43 6 471
31 17 715
44 29 526
39 20 403
7 43 674
46 4 331
6 39 162
9 40 193
16 6 320
29 39 18
36 44 125
10 38 150
46 40 450
18 54 468
49 55 766
45 32 910
46 27 823
4 6 849
62 57 825
1 14 704
35 27 253
46 20 618
12 64 760
23 6 508
1 38 2
13 12 934
34 42 539
42 18 466
1 11 78
17 20 463
58 48 694
14 15 250
64 57 268
48 26 407
45 6 605
2 46 591
22 18 711
51 24 107
34 4 325
50 24 500
40 32 793
7 20 960
47 25 395
58 3 948
17 15 700
45 39 853
29 28 176
38 64 21
7 15 755
34 29 251
24 44 862
28 9 227
59 5 543
24 44 418
5 10 776
20 49 553
59 26 941
13 18 869
5 63 652
5 33 25
62 42 446
63 11 936
3 32 767
48 13 669
18 62 539
42 24 255
33 32 907
21 4 338
19 13 943
2 42 301
43 47 320
30 41 426
18 13 879
6 51 944
46 9 618
3 19 191
55 21 952
23 62 20
34 27 255
38 43 693
15 31 189
29 10 595
24 31 704
25 53 503
56 11 122
14 17 933
21 55 617
27 26 718
43 1 461
55 63 389
42 47 401
1 8 460
10 56 668
39 1 548
33 7 812
37 58 342
54 1 437
23 1 334
46 32 753
33 26 617
44 8 145
53 24 967
33 55 253
18 57 20
63 25 904
8 6 844
1 14 314
1 18 1000
61 16 422
32 42 220
42 53 825
8 4 867
6 52 23
31 15 236
10 43 152
59 31 380
9 5 648
28 33 901
31 14 516
12 6 486
40 37 976
8 27 298
44 64 76
33 18 235
8 33 118
16 17 516
40 11 284
19 39 905
48 59 445
14 12 455
10 54 600
41 56 376
18 7 921
23 48 943
33 39 680
18 19 461
29 12 945
11 34 131
48 35 706
47 11 876
28 41 480
29 62 529
46 38 908
55 41 954
41 47 940
14 15 264
10 9 517
64 44 63
64 2 812
36 37 897
37 33 539
4 36 350
30 61 301
26 52 581
59 51 387
18 37 129
52 56 320
4 44 395
38 23 951
9 25 122
34 58 5
1 16 990
60 49 951
34 9 239
13 48 534
57 18 113
30 57 801
49 9 274
6 49 673
43 24 666
37 39 963
31 27 95
16 38 547
52 25 226
64 57 775
23 40 657
63 32 867
34 2 276
43 26 164
58 21 919
50 14 564
2 64 421
39 50 832
16 61 384
32 55 675
55 47 64
26 20 939
15 32 659
59 42 807
23 26 650
60 40 701
37 51 432
7 15 12
56 17 279
56 34 644
49 44 712
45 24 492
9 18 14
53 10 209
56 51 314
37 15 957
25 21 122
14 50 424
30 14 487
43 21 851
8 9 954
22 10 686
64 48 210
61 39 649
28 31 644
42 32 320
30 39 967
50 44 558
3 16 690
63 14 129
10 26 667
47 55 307
2 57 681
8 1 53
19 37 218
18 6 759
56 53 483
18 43 632
30 4 670
37 10 841
30 26 451
26 1 90
35 52 958
64 8 264
57 46 294
46 33 312
36 5 952
51 27 634
5 2 486
41 19 556
6 36 575
46 50 881
42 24 190
44 42 409
48 3 906
42 11 346
25 60 127
32 6 603
14 13 910
5 64 767
29 26 490
33 48 202
51 21 888
55 42 728
53 30 940
53 44 382
19 23 531
4 48 807
64 19 263
55 44 933
34 50 641
8 22 498
61 41 462
61 9 441
33 9 86
56 51 898
17 41 793
32 63 431
40 50 340
13 46 316
57 8 99
23 12 771
12 13 289
41 38 519
25 37 858
61 20 876
45 22 16
10 44 888
52 7 43
17 49 493
17 26 843
24 13 847
47 2 876
19 8 578
40 53 616
30 13 821
33 51 7
11 29 713
6 59 738
60 43 678
35 3 737
42 63 748
11 54 107
48 9 177
16 42 178
43 24 710
63 20 738
48 3 850
53 17 861
23 3 431
37 39 965
3 59 39
10 21 425
3 57 26
36 58 15
20 58 709
18 24 199
14 56 511
13 3 515
23 52 624
38 53 375
60 46 732
26 31 912
7 35 488
22 33 930
42 59 794
17 14 280
58 45 301
3 12 322
42 55 946
19 58 880
27 4 281
26 27 453
8 63 752
33 50 314
57 19 96
23 10 533
31 17 119
55 60 137
34 27 921
54 21 639
22 62 91
10 6 408
18 51 884
64 18 451
1 21 710
54 22 862
14 61 882
17 61 267
15 53 627
5 20 629
22 35 285
48 56 525
41 47 976
21 3 395
54 44 302
19 26 394
23 7 432
54 5 676
18 62 613
31 43 742
7 13 209
61 13 249
61 44 980
25 31 160
29 32 545
39 16 528
1 43 651
33 51 641
2 40 734
53 23 906
64 22 400
60 58 696
14 46 52
17 30 834
48 43 826
42 16 704
32 36 929
42 51 664
11 33 218
42 46 455
5 58 993
32 31 994
49 51 1000
54 22 388
53 32 314
31 12 724
35 17 465
42 9 365
56 45 260
20 11 270
57 59 168
51 39 106
38 55 322
51 49 66
61 17 940
45 53 544
53 27 840
46 34 98
5 33 395
14 53 213
15 7 297
54 7 554
1 15 498
26 7 125
56 21 199
18 5 914
27 7
4 55 3 12 1 56 16 22 13 10 50 59 23 49 21 15 32 52 63 36 35 30 42 18 39 43 44 45 19 27 26 24 58 11 
