5
7
HONDA 71 91
BMW 5 54
CHEVROLET 35 44
PEUGEOT 47 52
AUDI 41 80
FORD 59 99
MAZDA 72 84
100
18
27
63
97
31
26
81
100
23
35
41
44
48
43
74
47
47
45
51
84
4
12
85
9
70
55
11
2
49
100
69
36
45
79
51
65
74
26
83
33
40
8
38
13
74
75
98
76
7
90
17
51
93
10
6
21
92
31
42
96
93
2
30
6
8
58
48
11
44
8
45
43
59
65
48
68
89
94
77
64
23
62
53
56
75
97
9
63
53
5
85
32
35
37
51
57
44
87
99
11
7
HONDA 9 15
BMW 3 96
CHEVROLET 8 10
PEUGEOT 11 94
AUDI 53 59
FORD 25 82
MAZDA 34 72
100
97
64
53
21
28
58
25
74
24
43
5
72
86
39
63
5
35
1
8
59
70
86
41
49
92
84
8
53
6
44
83
5
1
53
84
41
36
70
87
62
47
58
97
10
22
21
40
66
57
37
96
36
62
20
56
35
17
51
49
3
19
89
78
93
69
42
59
61
61
47
14
53
64
84
54
41
55
32
22
96
40
50
43
63
90
4
15
40
47
29
53
48
35
20
18
74
44
35
80
97
7
HONDA 28 67
BMW 3 21
CHEVROLET 14 23
PEUGEOT 13 76
AUDI 11 48
FORD 64 88
MAZDA 21 53
100
25
6
10
38
41
57
31
75
76
13
44
79
26
2
75
75
5
9
17
4
65
15
26
14
30
78
53
64
55
42
73
57
92
97
63
17
13
28
35
8
54
65
30
50
4
33
57
88
18
28
26
40
62
45
62
57
45
85
10
59
23
73
20
68
88
97
69
23
21
92
81
67
85
41
25
12
68
65
26
31
38
74
100
11
32
17
8
5
19
48
27
75
12
9
34
97
77
80
21
81
7
HONDA 18 55
BMW 65 95
CHEVROLET 3 97
PEUGEOT 38 94
AUDI 14 67
FORD 40 69
MAZDA 28 46
100
88
89
9
62
89
84
13
80
99
51
70
75
74
28
9
48
52
8
32
11
89
13
95
54
57
3
81
80
24
90
23
35
7
77
52
4
4
23
22
21
43
23
42
26
13
25
30
57
89
96
25
5
94
16
67
93
3
20
57
97
12
40
23
62
92
54
97
52
44
67
18
61
92
21
66
71
95
50
86
74
63
1
27
74
46
37
57
9
14
50
19
19
31
75
95
54
69
65
87
54
7
HONDA 46 58
BMW 7 86
CHEVROLET 10 68
PEUGEOT 49 61
AUDI 54 84
FORD 13 45
MAZDA 7 31
100
20
11
24
92
23
87
93
74
26
53
55
32
100
70
33
100
1
99
39
22
100
2
95
24
100
48
10
91
38
74
76
99
1
100
6
53
80
53
4
14
34
48
11
11
90
20
75
91
26
23
91
48
58
94
10
70
44
96
79
2
91
39
78
12
9
83
68
47
22
46
80
98
74
82
21
86
13
20
34
85
23
79
79
55
93
70
75
90
51
51
80
70
79
15
71
76
44
54
88
2
