1
12
0 0 0 0 0 0 0 0 0 0 0 0 
0 1 1 1 0 1 1 1 1 0 1 1 
0 1 1 1 0 1 1 1 0 1 1 1 
0 1 1 1 1 0 1 1 1 0 1 1 
0 1 0 1 1 0 1 0 1 1 1 1 
0 0 1 1 1 1 0 1 1 1 0 1 
0 1 1 0 0 1 1 1 0 1 1 0 
0 1 1 1 0 1 1 0 1 0 0 1 
0 1 0 1 1 1 0 1 1 1 0 1 
0 0 1 1 1 1 1 0 1 1 1 1 
0 1 1 0 1 1 1 1 0 1 1 1 
0 1 1 0 0 1 1 1 0 1 1 0 
65
1 2 1 18
1 3 1 18
1 4 1 27
1 6 1 10
1 7 1 21
1 8 1 15
1 9 1 6
1 11 1 25
1 12 1 27
2 1 0 18
2 5 0 24
2 10 0 14
2 10 1 6
3 1 0 13
3 5 0 11
3 5 1 12
3 9 0 19
3 9 1 18
4 1 0 16
4 6 0 15
4 10 0 15
4 10 1 14
5 1 0 4
5 3 0 15
5 3 1 21
5 6 0 5
5 6 1 36
5 8 0 16
5 8 1 14
6 2 0 20
6 2 1 10
6 7 0 22
6 7 1 6
6 11 0 1
6 11 1 5
7 1 0 15
7 4 1 13
7 5 0 9
7 9 0 13
7 9 1 17
7 12 1 20
8 1 0 17
8 5 0 13
8 5 1 22
8 8 0 7
8 8 1 5
8 10 1 17
8 11 0 7
9 1 0 1
9 3 0 18
9 3 1 16
9 7 0 20
9 7 1 16
9 11 0 2
9 11 1 15
10 2 0 21
10 2 1 11
10 8 0 15
10 8 1 13
11 1 0 12
11 4 0 24
11 9 0 15
12 1 0 12
12 5 0 17
12 9 0 8
