10
12
0 0 0 0 0 0 0 0 0 0 0 0 
0 1 1 1 0 1 1 1 1 0 1 1 
0 1 1 1 0 1 1 1 0 1 1 1 
0 1 1 1 1 0 1 1 1 0 1 1 
0 1 0 1 1 0 1 0 1 1 1 1 
0 0 1 1 1 1 0 1 1 1 0 1 
0 1 1 0 0 1 1 1 0 1 1 0 
0 1 1 1 0 1 1 0 1 0 0 1 
0 1 0 1 1 1 0 1 1 1 0 1 
0 0 1 1 1 1 1 0 1 1 1 1 
0 1 1 0 1 1 1 1 0 1 1 1 
0 1 1 0 0 1 1 1 0 1 1 0 
65
1 2 1 18
1 3 1 18
1 4 1 27
1 6 1 10
1 7 1 21
1 8 1 15
1 9 1 6
1 11 1 25
1 12 1 27
2 1 0 18
2 5 0 24
2 10 0 14
2 10 1 6
3 1 0 13
3 5 0 11
3 5 1 12
3 9 0 19
3 9 1 18
4 1 0 16
4 6 0 15
4 10 0 15
4 10 1 14
5 1 0 4
5 3 0 15
5 3 1 21
5 6 0 5
5 6 1 36
5 8 0 16
5 8 1 14
6 2 0 20
6 2 1 10
6 7 0 22
6 7 1 6
6 11 0 1
6 11 1 5
7 1 0 15
7 4 1 13
7 5 0 9
7 9 0 13
7 9 1 17
7 12 1 20
8 1 0 17
8 5 0 13
8 5 1 22
8 8 0 7
8 8 1 5
8 10 1 17
8 11 0 7
9 1 0 1
9 3 0 18
9 3 1 16
9 7 0 20
9 7 1 16
9 11 0 2
9 11 1 15
10 2 0 21
10 2 1 11
10 8 0 15
10 8 1 13
11 1 0 12
11 4 0 24
11 9 0 15
12 1 0 12
12 5 0 17
12 9 0 8
12
0 0 0 0 0 0 0 0 0 0 0 0 
0 1 1 1 1 1 1 0 1 1 1 1 
0 1 0 1 1 1 1 1 1 1 0 1 
0 1 1 1 1 0 1 1 0 1 1 1 
0 1 1 0 0 1 1 1 1 1 0 0 
0 0 1 1 0 1 1 1 0 1 1 1 
0 1 0 0 1 1 0 1 1 0 1 1 
0 1 1 0 1 1 1 0 1 1 1 1 
0 1 1 1 1 0 1 1 0 1 1 1 
0 1 1 0 1 1 1 0 1 0 0 1 
0 0 1 1 0 1 1 0 1 1 1 0 
0 1 1 1 1 0 1 1 1 1 0 1 
68
1 2 1 26
1 3 1 4
1 4 1 17
1 5 1 11
1 6 1 10
1 7 1 35
1 9 1 9
1 10 1 23
1 11 1 8
1 12 1 6
2 1 0 27
2 8 0 21
2 8 1 19
3 1 0 6
3 3 0 42
3 3 1 12
3 11 0 1
3 11 1 4
4 1 0 19
4 6 0 8
4 6 1 25
4 9 0 11
4 9 1 7
5 1 0 15
5 4 1 9
5 5 0 24
5 11 1 18
5 12 1 24
6 2 0 12
6 2 1 18
6 5 0 16
6 5 1 21
6 9 0 19
6 9 1 6
7 1 0 8
7 3 1 28
7 4 0 17
7 7 0 7
7 7 1 29
7 10 0 12
7 10 1 6
8 1 0 6
8 4 0 9
8 4 1 9
8 8 0 12
8 8 1 2
9 1 0 20
9 6 0 8
9 6 1 3
9 9 0 15
9 9 1 15
10 1 0 7
10 4 0 14
10 4 1 17
10 8 0 5
10 10 1 10
10 11 0 2
10 11 1 4
11 2 0 16
11 2 1 5
11 5 0 11
11 5 1 2
11 8 0 14
11 8 1 2
11 12 1 5
12 1 0 24
12 6 0 16
12 11 0 5
12
0 0 0 0 0 0 0 0 0 0 0 0 
0 1 1 1 1 1 0 1 1 1 1 1 
0 1 1 0 1 0 1 0 1 0 1 1 
0 1 0 1 0 1 1 0 1 1 1 1 
0 0 1 1 1 1 1 1 1 0 0 1 
0 1 0 1 1 1 0 1 1 0 1 1 
0 1 1 1 1 0 1 0 0 1 0 0 
0 1 1 1 1 0 1 1 1 1 1 0 
0 1 0 1 1 1 0 1 1 0 1 1 
0 1 1 0 0 0 1 1 1 1 1 0 
0 1 1 1 0 1 1 0 1 0 1 1 
0 0 1 1 1 1 1 0 1 0 0 1 
69
1 2 1 24
1 3 1 7
1 4 1 1
1 5 1 11
1 6 1 7
1 8 1 9
1 9 1 30
1 10 1 7
1 11 1 12
1 12 1 18
2 1 0 28
2 7 0 25
2 7 1 14
3 1 0 9
3 4 0 5
3 4 1 32
3 6 0 5
3 6 1 13
3 8 0 8
3 10 0 11
3 10 1 3
4 1 0 8
4 3 0 3
4 3 1 7
4 5 0 15
4 5 1 25
4 8 0 19
4 8 1 14
5 2 0 40
5 2 1 32
5 11 0 1
5 11 1 9
6 1 0 5
6 3 0 16
6 3 1 11
6 7 0 11
6 7 1 7
6 10 0 13
6 10 1 3
7 1 0 19
7 6 0 1
7 8 1 22
7 9 0 1
7 9 1 26
7 11 1 13
8 1 0 19
8 6 0 22
8 6 1 4
8 12 1 7
9 1 0 3
9 3 0 12
9 3 1 12
9 7 0 14
9 7 1 15
9 10 0 8
9 10 1 1
10 1 0 12
10 4 1 8
10 6 0 25
10 6 1 13
10 12 1 14
11 1 0 16
11 5 0 11
11 5 1 3
11 8 0 3
11 10 0 12
12 2 0 19
12 8 0 9
12 11 0 6
12
0 0 0 0 0 0 0 0 0 0 0 0 
0 1 1 1 0 1 0 1 1 1 1 0 
0 1 1 1 0 1 0 1 0 1 0 1 
0 1 1 1 1 0 1 0 1 1 1 0 
0 0 1 0 1 0 1 1 1 0 1 1 
0 1 0 1 1 1 0 1 1 1 0 0 
0 1 1 1 0 1 1 1 0 1 0 1 
0 1 0 1 1 0 1 0 1 1 0 1 
0 1 1 1 1 0 0 1 1 1 1 1 
0 0 1 1 1 1 0 1 1 1 0 1 
0 1 1 0 1 1 0 1 1 1 1 0 
0 1 1 0 0 1 1 1 1 1 0 1 
70
1 2 1 12
1 3 1 20
1 4 1 21
1 6 1 12
1 8 1 12
1 9 1 6
1 10 1 18
1 11 1 8
2 1 0 17
2 5 0 3
2 7 0 25
2 12 1 2
3 1 0 8
3 5 0 9
3 5 1 11
3 7 0 3
3 7 1 12
3 9 0 7
3 9 1 12
3 11 0 2
3 11 1 15
4 1 0 22
4 6 0 4
4 8 0 17
4 8 1 18
4 12 1 1
5 2 0 9
5 2 1 16
5 4 0 7
5 4 1 25
5 6 0 16
5 6 1 7
5 10 0 9
5 10 1 36
6 1 0 6
6 3 0 13
6 3 1 8
6 7 0 21
6 7 1 11
6 12 1 18
7 1 0 16
7 5 0 17
7 5 1 21
7 9 0 9
7 9 1 18
7 11 0 1
8 1 0 5
8 3 0 8
8 3 1 16
8 6 0 4
8 8 0 10
8 8 1 24
8 11 0 5
8 11 1 4
9 1 0 16
9 6 1 14
9 7 0 21
10 2 0 18
10 2 1 8
10 7 0 17
10 11 0 9
10 11 1 9
11 1 0 9
11 4 0 12
11 7 0 17
11 7 1 2
11 12 1 4
12 1 0 8
12 5 0 17
12 11 0 4
12
0 0 0 0 0 0 0 0 0 0 0 0 
0 1 1 1 1 1 0 1 1 1 0 1 
0 1 0 1 0 1 1 1 1 0 1 1 
0 1 1 0 1 1 1 0 0 1 0 0 
0 1 0 1 1 1 1 1 0 1 1 1 
0 0 1 0 0 0 0 1 1 1 1 0 
0 1 1 1 0 1 1 0 1 1 0 1 
0 1 1 1 1 1 1 0 1 0 1 1 
0 0 1 1 1 0 1 1 1 1 1 0 
0 1 1 0 1 1 1 1 0 1 0 1 
0 1 1 1 0 1 0 1 1 1 0 1 
0 0 1 1 1 1 1 1 0 1 1 0 
71
1 2 1 23
1 3 1 7
1 4 1 9
1 5 1 8
1 6 1 19
1 8 1 14
1 9 1 13
1 10 1 1
1 12 1 16
2 1 0 32
2 7 0 15
2 7 1 17
2 11 0 7
2 11 1 8
3 1 0 1
3 3 0 3
3 3 1 2
3 5 0 24
3 5 1 10
3 10 0 17
3 10 1 15
4 1 0 9
4 4 0 19
4 4 1 7
4 8 1 14
4 9 0 1
4 11 1 11
4 12 1 3
5 1 0 6
5 3 0 29
5 3 1 32
5 9 0 17
5 9 1 10
6 2 0 4
6 2 1 7
6 4 1 22
6 6 1 9
6 7 0 18
6 7 1 21
6 12 1 14
7 1 0 17
7 5 0 11
7 5 1 16
7 8 0 5
7 11 0 5
7 11 1 8
8 1 0 33
8 8 0 1
8 8 1 25
8 10 0 11
8 10 1 15
9 2 0 16
9 2 1 11
9 6 0 22
9 6 1 7
9 12 1 6
10 1 0 9
10 4 0 20
10 4 1 7
10 9 0 7
10 9 1 8
10 11 0 2
11 1 0 11
11 5 0 1
11 5 1 4
11 7 0 14
11 7 1 1
11 11 0 4
11 11 1 9
12 2 0 24
12 9 0 14
12
0 0 0 0 0 0 0 0 0 0 0 0 
0 1 1 1 1 0 1 1 0 1 1 0 
0 1 0 1 0 1 1 0 1 1 0 1 
0 1 1 1 1 0 0 1 1 1 1 0 
0 0 1 0 1 1 1 0 1 0 1 1 
0 1 0 1 0 1 1 1 0 1 0 1 
0 1 1 0 1 1 1 0 1 1 1 0 
0 1 1 1 0 1 1 1 1 0 1 1 
0 1 0 1 1 0 1 1 1 1 0 1 
0 1 1 0 1 1 0 0 0 1 1 1 
0 1 1 1 1 0 1 1 1 0 1 0 
0 0 1 1 1 1 0 1 1 0 1 0 
77
1 2 1 12
1 3 1 2
1 4 1 14
1 5 1 5
1 7 1 16
1 8 1 2
1 10 1 14
1 11 1 4
2 1 0 17
2 6 0 11
2 6 1 6
2 9 0 9
2 9 1 8
2 12 1 3
3 1 0 5
3 3 0 1
3 3 1 11
3 5 0 13
3 5 1 5
3 8 0 5
3 8 1 2
3 11 0 3
3 11 1 13
4 1 0 22
4 6 1 22
4 7 0 14
4 7 1 31
4 12 1 4
5 2 0 2
5 2 1 25
5 4 0 14
5 4 1 4
5 8 0 4
5 8 1 2
5 10 0 10
5 10 1 11
6 1 0 2
6 3 0 4
6 3 1 6
6 5 0 15
6 5 1 6
6 9 0 7
6 9 1 19
6 11 0 3
6 11 1 10
7 1 0 6
7 4 0 16
7 4 1 10
7 8 0 19
7 8 1 10
7 12 1 12
8 1 0 10
8 5 0 24
8 5 1 22
8 10 0 4
8 10 1 11
9 1 0 4
9 3 0 12
9 3 1 18
9 6 0 22
9 6 1 7
9 11 0 2
9 11 1 18
10 1 0 14
10 4 0 15
10 4 1 13
10 7 1 4
10 8 1 14
10 9 0 16
10 9 1 11
11 1 0 25
11 6 0 15
11 6 1 4
11 10 0 7
12 2 0 17
12 7 0 14
12 10 0 8
12
0 0 0 0 0 0 0 0 0 0 0 0 
0 1 1 1 0 1 1 1 1 1 1 1 
0 1 1 0 1 1 1 1 0 1 0 1 
0 1 0 1 1 0 1 0 1 0 1 1 
0 1 1 1 1 0 1 0 1 1 1 1 
0 0 1 1 0 1 1 1 1 1 0 0 
0 1 1 0 1 0 0 1 0 1 1 0 
0 1 0 1 0 1 1 0 1 1 1 1 
0 0 1 1 0 1 1 0 1 1 1 0 
0 1 1 0 1 0 1 1 0 0 0 1 
0 1 1 1 1 1 1 1 0 1 1 1 
0 1 1 0 1 1 0 0 1 1 1 0 
72
1 2 1 22
1 3 1 10
1 4 1 2
1 6 1 13
1 7 1 27
1 8 1 12
1 9 1 5
1 10 1 13
1 11 1 1
1 12 1 19
2 1 0 9
2 5 0 35
2 5 1 12
3 1 0 10
3 4 0 21
3 4 1 23
3 9 0 4
3 9 1 19
3 11 0 5
3 11 1 6
4 1 0 7
4 3 0 12
4 3 1 8
4 6 0 7
4 8 0 2
4 10 0 9
4 10 1 22
5 1 0 22
5 6 0 6
5 6 1 4
5 8 0 25
5 8 1 9
6 2 0 11
6 2 1 7
6 5 0 22
6 5 1 1
6 11 1 20
7 1 0 8
7 4 0 1
7 4 1 11
7 6 1 6
7 7 0 2
7 7 1 20
7 9 0 10
7 9 1 13
7 12 1 7
8 1 0 4
8 3 0 3
8 3 1 19
8 5 0 6
8 8 0 24
9 2 0 14
9 2 1 21
9 5 0 9
9 5 1 12
9 8 0 19
9 8 1 3
9 12 1 11
10 1 0 9
10 4 0 1
10 4 1 1
10 6 0 3
10 6 1 8
10 10 1 12
10 11 0 6
10 11 1 8
11 1 0 36
11 9 0 10
11 9 1 2
12 1 0 10
12 4 0 10
12 8 0 17
12
0 0 0 0 0 0 0 0 0 0 0 0 
0 1 1 1 1 0 1 1 0 1 1 1 
0 1 0 1 1 1 0 1 1 0 1 1 
0 1 1 0 1 1 1 1 0 1 1 1 
0 1 1 0 1 1 0 0 1 1 1 0 
0 0 1 1 1 0 1 1 1 0 0 1 
0 1 0 1 0 1 1 1 1 1 1 0 
0 1 1 1 1 1 0 1 1 1 0 1 
0 1 1 0 1 0 1 1 1 0 1 1 
0 1 1 1 0 1 1 0 0 1 1 0 
0 1 0 1 0 1 1 1 1 1 0 1 
0 0 1 0 1 1 1 0 1 0 1 1 
74
1 2 1 20
1 3 1 6
1 4 1 8
1 5 1 29
1 7 1 2
1 8 1 14
1 10 1 7
1 11 1 19
1 12 1 12
2 1 0 23
2 6 0 7
2 6 1 11
2 9 0 19
2 9 1 6
3 1 0 5
3 3 0 13
3 3 1 7
3 7 0 14
3 7 1 2
3 10 0 9
3 10 1 9
4 1 0 8
4 4 0 12
4 9 0 11
4 9 1 21
5 1 0 6
5 4 0 7
5 4 1 14
5 7 1 11
5 8 0 9
5 8 1 21
5 12 1 9
6 2 0 17
6 2 1 19
6 6 0 19
6 6 1 10
6 10 1 16
6 11 0 9
6 11 1 4
7 1 0 7
7 3 0 2
7 3 1 17
7 5 0 33
7 5 1 15
7 12 1 12
8 1 0 26
8 7 0 12
8 7 1 20
8 11 0 5
8 11 1 6
9 1 0 11
9 4 0 6
9 4 1 10
9 6 0 21
9 6 1 22
9 10 0 11
9 10 1 9
10 1 0 11
10 5 0 9
10 8 1 8
10 9 0 7
10 9 1 9
10 12 1 8
11 1 0 1
11 3 0 8
11 3 1 9
11 5 0 27
11 5 1 4
11 11 0 5
11 11 1 8
12 2 0 9
12 4 0 20
12 8 0 4
12 10 0 11
12
0 0 0 0 0 0 0 0 0 0 0 0 
0 1 1 1 1 0 1 1 0 1 1 1 
0 1 1 1 1 0 1 1 1 0 1 1 
0 1 1 1 0 1 0 1 1 1 0 1 
0 1 1 0 1 1 1 0 1 1 1 0 
0 1 1 1 1 0 1 1 1 1 0 1 
0 1 0 1 1 1 0 1 1 1 1 0 
0 0 1 0 0 0 1 1 1 0 0 1 
0 1 1 1 0 1 1 1 0 1 1 1 
0 1 1 1 1 0 1 1 1 1 1 0 
0 1 1 1 1 0 0 1 0 1 1 0 
0 1 0 1 1 1 0 1 0 0 1 1 
66
1 2 1 27
1 3 1 28
1 4 1 16
1 5 1 14
1 7 1 13
1 8 1 11
1 10 1 9
1 11 1 12
1 12 1 15
2 1 0 20
2 6 0 12
2 9 0 24
2 9 1 23
3 1 0 25
3 6 0 12
3 6 1 6
3 10 0 6
3 10 1 18
4 1 0 11
4 5 0 5
4 5 1 18
4 7 0 11
4 7 1 12
4 11 0 6
4 11 1 8
5 1 0 13
5 4 0 18
5 4 1 14
5 8 0 12
5 8 1 33
5 12 1 2
6 1 0 17
6 6 0 23
6 6 1 4
6 11 0 2
6 11 1 6
7 1 0 8
7 3 0 18
7 3 1 16
7 7 0 15
7 7 1 12
7 12 1 12
8 2 0 4
8 2 1 19
8 4 1 15
8 6 0 12
8 6 1 2
8 10 1 15
8 11 0 4
8 11 1 29
9 1 0 7
9 5 0 14
9 5 1 14
9 9 0 23
9 9 1 2
10 1 0 16
10 6 0 24
11 1 0 21
11 6 1 9
11 7 0 3
11 9 0 9
11 12 1 4
12 1 0 5
12 3 0 20
12 7 0 9
12 10 0 9
12
0 0 0 0 0 0 0 0 0 0 0 0 
0 1 0 1 1 0 1 1 1 0 1 1 
0 1 1 1 1 1 1 1 1 0 1 1 
0 1 1 0 1 1 1 0 0 1 1 0 
0 0 1 1 1 0 0 1 1 1 0 1 
0 1 1 1 1 1 0 1 1 1 0 1 
0 1 1 1 1 0 1 0 1 1 1 0 
0 1 1 1 0 1 1 0 1 1 1 1 
0 1 1 1 1 0 1 1 1 1 0 1 
0 0 0 1 1 1 0 1 1 1 1 1 
0 1 1 1 0 1 1 0 0 0 1 0 
0 1 1 0 1 0 0 1 1 1 0 1 
66
1 2 1 21
1 4 1 7
1 5 1 32
1 7 1 17
1 8 1 15
1 9 1 7
1 11 1 16
1 12 1 8
2 1 0 6
2 3 0 15
2 3 1 38
2 6 0 12
2 6 1 6
2 10 0 13
3 1 0 41
3 10 0 9
3 10 1 30
4 1 0 10
4 4 0 12
4 4 1 33
4 8 1 11
4 9 0 11
4 9 1 33
4 12 1 14
5 2 0 16
5 2 1 16
5 6 1 8
5 7 0 18
5 11 0 9
6 1 0 25
6 7 0 15
6 7 1 14
6 11 0 5
6 11 1 13
7 1 0 18
7 6 0 7
7 6 1 9
7 8 0 17
7 12 1 15
8 1 0 13
8 5 0 11
8 5 1 11
8 8 0 13
8 8 1 9
9 1 0 20
9 6 0 23
9 6 1 8
9 11 0 6
9 11 1 15
10 2 1 7
10 3 0 15
10 3 1 9
10 7 0 23
10 7 1 9
11 1 0 20
11 5 0 16
11 5 1 5
11 8 1 9
11 9 1 5
11 10 0 7
11 10 1 3
11 12 1 7
12 1 0 5
12 4 0 5
12 7 0 17
12 11 0 7
