1
12
0 0 0 0 0 0 0 0 0 0 0 0 
0 1 1 1 1 1 1 0 1 1 1 1 
0 1 0 1 1 1 1 1 1 1 0 1 
0 1 1 1 1 0 1 1 0 1 1 1 
0 1 1 0 0 1 1 1 1 1 0 0 
0 0 1 1 0 1 1 1 0 1 1 1 
0 1 0 0 1 1 0 1 1 0 1 1 
0 1 1 0 1 1 1 0 1 1 1 1 
0 1 1 1 1 0 1 1 0 1 1 1 
0 1 1 0 1 1 1 0 1 0 0 1 
0 0 1 1 0 1 1 0 1 1 1 0 
0 1 1 1 1 0 1 1 1 1 0 1 
68
1 2 1 26
1 3 1 4
1 4 1 17
1 5 1 11
1 6 1 10
1 7 1 35
1 9 1 9
1 10 1 23
1 11 1 8
1 12 1 6
2 1 0 27
2 8 0 21
2 8 1 19
3 1 0 6
3 3 0 42
3 3 1 12
3 11 0 1
3 11 1 4
4 1 0 19
4 6 0 8
4 6 1 25
4 9 0 11
4 9 1 7
5 1 0 15
5 4 1 9
5 5 0 24
5 11 1 18
5 12 1 24
6 2 0 12
6 2 1 18
6 5 0 16
6 5 1 21
6 9 0 19
6 9 1 6
7 1 0 8
7 3 1 28
7 4 0 17
7 7 0 7
7 7 1 29
7 10 0 12
7 10 1 6
8 1 0 6
8 4 0 9
8 4 1 9
8 8 0 12
8 8 1 2
9 1 0 20
9 6 0 8
9 6 1 3
9 9 0 15
9 9 1 15
10 1 0 7
10 4 0 14
10 4 1 17
10 8 0 5
10 10 1 10
10 11 0 2
10 11 1 4
11 2 0 16
11 2 1 5
11 5 0 11
11 5 1 2
11 8 0 14
11 8 1 2
11 12 1 5
12 1 0 24
12 6 0 16
12 11 0 5
