1
10
0 0 0 0 0 0 0 0 0 0 
0 1 1 1 1 0 1 1 1 1 
0 1 1 1 1 1 0 1 1 1 
0 1 0 1 0 1 1 1 1 1 
0 1 1 0 1 1 1 1 0 1 
0 1 1 1 0 1 1 0 1 1 
0 1 1 1 1 0 1 1 0 0 
0 0 1 1 1 1 0 1 1 1 
0 1 0 1 1 0 1 1 1 1 
0 1 1 1 1 1 0 1 1 0 
45
1 2 1 35
1 3 1 13
1 4 1 11
1 5 1 8
1 7 1 6
1 8 1 16
1 9 1 23
1 10 1 22
2 1 0 18
2 6 0 27
2 6 1 20
3 1 0 23
3 7 0 16
3 7 1 23
4 1 0 2
4 3 0 4
4 3 1 22
4 5 0 32
4 5 1 6
5 1 0 16
5 4 0 18
5 4 1 25
5 9 0 1
5 9 1 3
6 1 0 14
6 5 0 10
6 5 1 19
6 8 0 8
6 8 1 17
7 1 0 20
7 6 0 11
7 6 1 6
7 9 1 16
7 10 1 7
8 2 0 24
8 2 1 5
8 7 0 11
8 7 1 5
9 1 0 3
9 3 0 5
9 3 1 1
9 6 0 20
9 6 1 3
10 1 0 20
10 7 0 9
