 5
 1 2 5
 1 3 5
 1 4 5
 1 5 5
 1
 2 3 2
 6
 1 2 5
 1 3 5
 1 4 5
 1 5 5
 3 4 8
 4 5 8

 5
 1 2 5
 1 3 5
 1 4 5
 1 5 5
 1
 2 3 2
 6
 1 2 5
 1 3 5
 1 4 5
 1 5 5
 3 4 8
 4 5 8

5
1 2 5
1 3 5
1 4 5
1 5 5
1
2 3 2
6
1 2 5
1 3 5
1 4 5
1 5 5
3 4 8
4 5 8

8
6 2 4197
1 3 2268
8 4 8340
2 8 2066
7 1 6433
7 8 2449
6 5 1860
9
8 4 3005
3 5 9972
2 3 3564
1 3 8795
2 3 3763
8 2 8715
8 7 2492
6 3 3511
7 6 4476
7
1 3 2268
6 2 4197
7 1 6433
2 8 2066
7 8 2449
6 5 1860
8 4 8340

7
1 7 3006
7 6 2393
4 6 1813
5 6 1330
3 2 3083
6 2 3000
2
3 1 4610
1 2 5349
9
6 2 3000
5 2 3152
4 6 1813
3 2 3083
1 7 3006
1 6 6937
7 6 2393
5 6 1330
2 1 4294

8
6 2 4197
1 3 2268
8 4 8340
2 8 2066
7 1 6433
7 8 2449
6 5 1860
9
8 4 3005
3 5 9972
2 3 3564
1 3 8795
2 3 3763
8 2 8715
8 7 2492
6 3 3511
7 6 4476
7
1 3 2268
6 2 4197
7 1 6433
2 8 2066
7 8 2449
6 5 1860
8 4 8340
