100000 100
4
3 37894 26004
4
2 12900 69974
3 67402 82524
4
2 46759 55846
4
2 73093 84592
2 43942 233
3 26017 97926
1 13034 17322
2 79474 78736
4
2 37269 13067
1 43703 15217
1 41305 44349
4
4
1 34220 43463
4
1 93563 61778
1 23869 79338
3 60096 52451
2 96465 73972
3 52 66095
3 7644 60249
3 610 45400
2 24074 22581
4
3 39963 31794
1 57228 27352
4
1 2953 45047
4
2 18582 26849
2 88474 27956
1 54682 2467
2 16451 94129
1 78433 63228
4
2 2325 57384
3 29837 60040
2 26189 73228
3 30038 93352
3 92777 4914
2 97467 2661
3 41262 19453
4
2 16408 52230
1 12408 77797
4
2 522 51370
3 64810 57606
4
1 85932 11973
4
3 70415 61980
3 13270 36394
4
3 35518 75883
4
4
1 11667 62
1 63879 89320
3 70419 54837
2 3298 55757
3 22071 77930
2 88518 73398
4
3 74440 64909
3 55791 41561
3 29091 46835
3 16160 11217
4
1 38426 85883
2 3789 84215
3 4668 35627
3 38461 89377
4
3 93844 81576
4
1 95589 27609
2 68370 87460
1 24631 18659
3 98889 10799
3 28560 82040
1 24326 18656
3 39640 26163
2 25084 98845
1 45211 93113
2 87884 60398
1 67845 80481
2 85410 58186
1 77477 12922
4
4
2 63396 56410
4
4
