1

1000111110000110001000111
0101110101000000010111000
1110100100111000010101000
1011101101101010101011110
1010110101010101000110001
0000111000001011010100001
1110001000110111010110010
1110111110101000111100000
0110001000110001001000111
1000111001110001100100001
1011001011011011011010110
1011110110000011111001011
1101101101101100001011110
0000111110101000000110001
1110001001111000000111111
0110001110001101111010110
1000001000111111100001111
0011111001010110110110100
0001110011110101011011100
0011110100001011001100100
0101011010010010100111000
1111110111001111111110111
0111011111101110110101010
0101011111100011101001101
0011111101100110100001010
