1

166214.66
1.1000
1.1000
1.2000
1.2000
2.1000
2.1000
1.6000
2.1000
1.0000
1.0000
1.3000
1.2000
1.5000
1.5000
1.6000
1.2000
1.9000
1.7000
1.4000
0.6000
1.5000
1.1000
1.4000
1.5000
1.6000
1.6000
1.7000
1.5000
1.3000
1.6000
2.2000
1.1000
1.4000
2.2000
0.7000
1.5000
1.2000
1.5000
2.8000
1.5000
1.2000
1.8000
1.3000
1.5000
1.7000
1.3000
0.9000
1.2000
1.5000
1.9000
1.2000
1.7000
0.8000
1.3000
1.0000
0.8000
1.5000
1.1000
1.1000
1.6000
1.2000
1.7000
1.5000
1.5000
1.4000
1.2000
2.3000
0.6000
1.2000
1.7000
137
P  1                 41 DQ
P  2                 55 DQ
P  3                 71 60 21 53
P  4*                79 95 45 12
P  5                 66 89 82 DQ
P  6                 98 10 89 38
P  7                 49 DQ
P  8                 53 57 DQ
P  9                 95 81 DQ
P 10                 99 DQ
P 11                 DQ
P 12                 80 26 11 72
P 13                 74 83 18 82
P 14                 36 10 75 43
P 15*                51 52 89 46
P 16                 10 82 83 61
P 17                 42 25 28 DQ
P 18*                17 83 17 90
P 19*                41 14 93 21
P 20                 95 82 29 95
P 21*                23 45 83 60
P 22*                46 79 99 18
P 23                 DQ
P 24                 75 46 40 30
P 25                 26 73 92 37
P 26                 15 DQ
P 27                 49 87 59 18
P 28*                45 90 75 14
P 29*                30 24 45 63
P 30*                69 49 20 DQ
P 31*                49 37 91 70
P 32                 97 76 77 47
P 33                 44 48 20 53
P 34                 64 61 51 DQ
P 35                 52 99 17 35
P 36                 64 90 26 25
P 37                 DQ
P 38*                74 51 DQ
P 39                 35 62 81 57
P 40                 64 91 44 40
P 41                 57 40 55 46
P 42                 87 66 96 DQ
P 43                 51 12 88 89
P 44                 86 96 11 59
P 45                 14 63 52 56
P 46                 52 20 83 62
P 47                 80 DQ
P 48                 18 56 64 92
P 49                 58 93 87 89
P 50*                93 75 34 DQ
P 51*                54 38 83 32
P 52                 87 85 30 41
P 53                 28 79 89 27
P 54                 52 81 41 99
P 55*                98 54 71 77
P 56*                72 54 41 DQ
P 57*                81 86 44 84
P 58                 DQ
P 59                 99 21 62 89
P 60                 66 41 66 39
P 61                 34 20 15 49
P 62                 26 69 95 86
P 63*                14 84 99 DQ
P 64                 56 29 87 72
P 65                 77 45 21 30
P 66                 DQ
P 67                 88 78 65 21
P 68                 32 23 74 82
P 69                 42 31 74 20
P 70                 90 DQ
P 71                 DQ
P 72                 10 94 96 82
P 73                 58 78 96 69
P 74                 53 23 99 90
P 75                 59 84 74 DQ
P 76                 66 86 20 23
P 77                 20 43 DQ
P 78*                90 10 76 41
P 79                 15 51 DQ
P 80                 84 91 DQ
P 81*                67 14 92 22
P 82*                61 42 34 13
P 83                 67 71 65 54
P 84                 DQ
P 85                 87 38 27 23
P 86                 67 95 58 88
P 87*                15 40 42 DQ
P 88                 55 34 80 65
P 89                 45 DQ
P 90                 74 58 90 39
P 91                 12 96 74 95
P 92*                12 67 70 34
P 93                 31 17 97 74
P 94*                43 27 DQ
P 95                 26 89 26 49
P 96*                69 32 74 10
P 97                 69 83 48 14
P 98                 83 98 41 87
P 99                 21 25 17 19
P100                 DQ
P101                 48 52 19 21
P102*                16 19 95 62
P103                 99 29 DQ
P104                 17 26 DQ
P105                 73 76 15 86
P106                 DQ
P107*                69 17 38 39
P108*                49 83 72 26
P109                 20 16 30 19
P110                 50 44 98 95
P111*                26 54 93 DQ
P112                 DQ
P113                 98 30 24 22
P114                 83 57 93 22
P115*                17 79 22 99
P116*                43 77 86 DQ
P117*                25 68 78 37
P118                 83 49 13 95
P119                 70 55 62 26
P120                 64 DQ
P121                 DQ
P122                 DQ
P123                 DQ
P124*                70 19 37 DQ
P125*                DQ
P126                 74 97 30 55
P127                 85 67 81 84
P128                 64 51 40 91
P129                 33 DQ
P130                 34 72 60 DQ
P131                 25 76 49 22
P132                 82 DQ
P133                 36 45 24 13
P134*                26 11 93 49
P135*                64 21 40 74
P136*                56 31 54 76
P137                 95 81 92 30
