1

371327.50
1.9000
1.2000
1.4000
2.1000
1.4000
1.3000
1.5000
1.5000
1.2000
1.4000
0.7000
1.4000
1.4000
0.7000
2.2000
1.6000
1.1000
1.7000
0.7000
1.2000
1.7000
1.9000
1.4000
1.1000
1.3000
2.3000
1.3000
1.8000
2.0000
1.0000
1.3000
1.3000
1.6000
1.7000
1.1000
1.3000
1.7000
1.5000
2.1000
1.5000
0.9000
1.9000
2.1000
2.7000
1.6000
1.1000
1.7000
0.4000
1.1000
1.1000
1.1000
0.8000
1.1000
1.4000
1.6000
1.6000
1.3000
1.6000
1.4000
2.1000
1.4000
0.6000
1.5000
1.7000
1.4000
1.5000
1.2000
1.7000
1.2000
0.7000
144
P  1*                49 77 57 64
P  2                 DQ
P  3*                55 72 33 14
P  4                 66 15 13 DQ
P  5                 97 27 73 27
P  6*                DQ
P  7                 52 75 54 29
P  8*                86 72 69 31
P  9                 31 17 41 30
P 10                 50 DQ
P 11                 83 79 DQ
P 12                 62 95 DQ
P 13                 14 45 74 18
P 14                 65 68 56 35
P 15*                DQ
P 16                 65 64 11 94
P 17*                60 44 DQ
P 18*                74 39 31 31
P 19                 39 29 53 DQ
P 20                 DQ
P 21                 87 93 54 94
P 22                 94 50 30 32
P 23                 15 29 48 73
P 24                 34 92 11 94
P 25                 27 DQ
P 26                 86 48 46 DQ
P 27                 68 93 92 36
P 28*                47 DQ
P 29                 92 79 98 66
P 30*                64 69 98 83
P 31*                13 63 DQ
P 32                 78 42 11 16
P 33                 47 69 60 DQ
P 34                 89 27 91 39
P 35                 40 56 71 96
P 36                 59 18 30 99
P 37                 21 45 53 DQ
P 38                 DQ
P 39*                32 33 49 99
P 40*                57 81 87 DQ
P 41                 98 21 45 24
P 42                 44 21 95 43
P 43                 82 70 91 30
P 44                 69 21 DQ
P 45*                12 43 29 58
P 46                 69 13 68 73
P 47*                43 48 39 97
P 48                 70 10 52 63
P 49                 81 DQ
P 50                 99 92 43 88
P 51                 83 86 84 54
P 52*                25 85 37 46
P 53                 79 52 24 22
P 54                 13 59 62 37
P 55                 87 46 78 57
P 56                 85 43 90 91
P 57*                19 11 88 DQ
P 58                 42 28 13 14
P 59                 83 86 57 70
P 60*                60 26 20 18
P 61                 96 41 85 67
P 62                 73 48 75 51
P 63                 DQ
P 64                 32 DQ
P 65                 78 42 99 25
P 66                 DQ
P 67                 57 64 11 37
P 68                 65 94 66 45
P 69*                13 DQ
P 70                 14 94 96 43
P 71                 90 DQ
P 72                 72 77 97 60
P 73                 26 80 58 39
P 74*                44 73 87 11
P 75*                53 80 10 70
P 76*                DQ
P 77*                22 12 79 97
P 78*                18 95 66 48
P 79                 54 83 DQ
P 80                 31 98 44 43
P 81                 45 54 55 28
P 82                 75 27 24 29
P 83                 12 23 71 38
P 84*                52 80 59 DQ
P 85                 45 96 DQ
P 86                 36 22 31 70
P 87                 20 73 95 10
P 88                 24 84 51 51
P 89                 47 38 DQ
P 90*                44 29 58 33
P 91                 59 12 65 42
P 92                 26 86 55 71
P 93                 61 71 21 DQ
P 94                 70 72 73 56
P 95                 22 38 55 58
P 96                 DQ
P 97                 63 12 72 36
P 98                 67 56 57 21
P 99                 48 68 26 52
P100                 DQ
P101                 35 79 27 18
P102                 91 48 85 85
P103                 77 45 10 30
P104                 15 95 32 DQ
P105                 37 23 37 71
P106                 56 42 20 36
P107                 88 58 63 59
P108                 81 DQ
P109*                19 DQ
P110                 67 22 76 18
P111                 80 DQ
P112                 DQ
P113                 15 54 DQ
P114                 40 99 88 70
P115*                74 44 79 17
P116                 84 61 32 27
P117                 33 91 50 51
P118                 89 11 97 49
P119*                60 29 90 55
P120                 62 75 80 78
P121                 73 49 62 57
P122                 95 82 27 55
P123                 18 17 80 83
P124                 29 65 69 DQ
P125                 14 34 41 90
P126                 17 63 DQ
P127                 46 80 65 97
P128                 93 50 68 DQ
P129                 14 95 84 21
P130                 36 35 42 69
P131                 34 99 71 63
P132*                32 86 50 51
P133*                36 42 47 16
P134                 39 70 74 54
P135                 99 56 59 54
P136                 57 95 83 39
P137*                41 35 76 97
P138                 DQ
P139                 61 DQ
P140                 99 47 50 86
P141                 81 97 33 17
P142*                DQ
P143                 88 50 DQ
P144                 48 11 73 DQ
