1

686211.33
2.2000
1.0000
1.0000
1.9000
1.5000
1.2000
1.2000
0.9000
1.1000
2.4000
1.3000
2.0000
1.8000
1.6000
1.5000
1.9000
1.1000
0.8000
0.9000
0.9000
1.8000
2.0000
1.0000
1.0000
0.9000
2.2000
1.3000
1.1000
1.5000
1.3000
1.4000
1.5000
1.0000
1.1000
1.5000
1.3000
1.0000
1.8000
1.2000
1.4000
1.6000
1.7000
1.8000
1.5000
1.1000
1.4000
1.3000
1.5000
1.1000
1.0000
1.7000
1.8000
1.3000
1.3000
1.1000
1.1000
0.9000
1.7000
1.7000
1.7000
1.4000
1.4000
1.5000
1.6000
1.5000
1.9000
1.2000
2.1000
1.5000
2.1000
60
P  1                 76 81 95 52
P  2                 43 32 83 48
P  3                 65 86 88 31
P  4*                45 31 84 49
P  5                 12 42 DQ
P  6                 DQ
P  7*                85 27 15 68
P  8                 56 50 DQ
P  9                 48 DQ
P 10                 95 65 20 DQ
P 11*                DQ
P 12                 DQ
P 13                 25 65 DQ
P 14                 DQ
P 15                 30 74 59 70
P 16                 77 28 60 95
P 17                 15 60 32 32
P 18                 22 DQ
P 19*                70 29 16 77
P 20                 16 65 22 86
P 21                 91 74 81 36
P 22                 48 DQ
P 23                 92 22 72 76
P 24                 82 38 26 59
P 25                 12 21 45 42
P 26                 80 DQ
P 27*                94 DQ
P 28                 93 69 46 11
P 29                 79 49 20 86
P 30                 83 51 13 51
P 31*                DQ
P 32                 69 43 22 92
P 33                 29 74 56 65
P 34                 10 80 DQ
P 35*                76 84 78 84
P 36*                28 85 87 15
P 37*                DQ
P 38                 26 DQ
P 39                 87 DQ
P 40*                12 11 91 74
P 41                 59 92 26 50
P 42                 17 11 45 39
P 43                 26 65 69 46
P 44*                84 61 85 96
P 45*                36 63 86 31
P 46                 10 97 42 35
P 47                 35 85 22 78
P 48                 22 88 61 36
P 49                 75 39 64 56
P 50*                72 79 46 57
P 51                 69 58 DQ
P 52                 68 97 29 91
P 53*                31 97 99 78
P 54                 57 40 90 97
P 55                 17 17 22 DQ
P 56                 30 90 76 30
P 57                 81 42 88 10
P 58                 52 26 24 68
P 59                 42 94 66 46
P 60                 19 90 44 67

