1

686211.33
2.2000
1.0000
1.0000
1.9000
1.5000
1.2000
1.2000
0.9000
1.1000
2.4000
1.3000
2.0000
1.8000
1.6000
1.5000
1.9000
1.1000
0.8000
0.9000
0.9000
1.8000
2.0000
1.0000
1.0000
0.9000
2.2000
1.3000
1.1000
1.5000
1.3000
1.4000
1.5000
1.0000
1.1000
1.5000
1.3000
1.0000
1.8000
1.2000
1.4000
1.6000
1.7000
1.8000
1.5000
1.1000
1.4000
1.3000
1.5000
1.1000
1.0000
1.7000
1.8000
1.3000
1.3000
1.1000
1.1000
0.9000
1.7000
1.7000
1.7000
1.4000
1.4000
1.5000
1.6000
1.5000
1.9000
1.2000
2.1000
1.5000
2.1000
80
P  1                 10 10 10 10
P  2                 11 11 11 11
P  3                 12 12 12 12
P  4                 13 13 13 13
P  5                 14 14 14 14
P  6                 15 15 15 15
P  7                 16 16 16 16
P  8                 17 17 17 17
P  9                 18 18 18 18
P 10                 19 19 19 19
P 11                 20 20 20 20
P 12                 21 21 21 21
P 13                 22 22 22 22
P 14                 23 23 23 23
P 15                 24 24 24 24
P 16                 25 25 25 25
P 17                 26 26 26 26
P 18                 27 27 27 27
P 19                 28 28 28 28
P 20                 29 29 29 29
P 21                 30 30 30 30
P 22                 31 31 31 31
P 23                 32 32 32 32
P 24                 33 33 33 33
P 25                 34 34 34 34
P 26                 35 35 35 35
P 27                 36 36 36 36
P 28                 37 37 37 37
P 29                 38 38 38 38
P 30                 39 39 39 39
P 31                 40 40 40 40
P 32                 41 41 41 41
P 33                 42 42 42 42
P 34                 43 43 43 43
P 35                 44 44 44 44
P 36                 45 45 45 45
P 37                 46 46 46 46
P 38                 47 47 47 47
P 39                 48 48 48 48
P 40                 49 49 49 49
P 41                 49 49 49 50
P 42                 49 49 49 51
P 43                 49 49 49 52
P 44                 49 49 49 53
P 45                 49 49 49 54
P 46                 49 49 49 55
P 47                 49 49 49 56
P 48                 49 49 49 57
P 49                 49 49 49 58
P 50                 49 49 49 59
P 51                 49 49 49 60
P 52                 49 49 49 61
P 53                 49 49 49 62
P 54                 49 49 49 63
P 55                 49 49 49 64
P 56                 49 49 49 65
P 57                 49 49 49 66
P 58                 49 49 49 67
P 59                 49 49 49 68
P 60                 49 49 49 69
P 61                 49 49 49 70
P 62                 49 49 49 71
P 63                 49 49 49 72
P 64                 49 49 49 73
P 65                 49 49 49 74
P 66                 49 49 49 75
P 67                 49 49 49 76
P 68                 49 49 49 77
P 69                 49 49 49 78
P 70                 49 49 49 79
P 71                 49 49 49 79
P 72                 49 49 49 80
P 73                 49 49 49 80
P 74                 49 49 49 81
P 75                 49 49 49 82
P 76                 49 49 49 83
P 77                 49 49 49 83
P 78                 49 49 49 84
P 79                 49 49 49 84
P 80                 49 49 49 84
