50
9 7
1
0 0 1 1 0 1 0 
0 1 0 0 0 0 0 
1 0 1 0 0 1 0 
1 0 1 0 0 0 0 
1 0 1 1 1 0 0 
1 0 1 0 1 1 0 
1 1 1 0 1 0 1 
0 0 1 1 1 0 1 
1 1 1 0 1 1 0 
10 20
11
1 1 1 1 0 1 1 1 0 0 1 1 1 0 0 1 1 1 1 0 
1 1 0 1 0 1 1 1 1 0 1 1 1 1 0 1 0 1 0 0 
1 0 0 1 1 1 0 1 0 1 0 0 1 1 1 0 0 0 0 0 
0 1 0 0 1 0 1 1 1 1 1 1 1 1 1 0 1 1 1 1 
0 0 0 1 1 1 1 1 1 1 0 0 0 0 0 1 0 1 1 0 
1 0 0 1 1 0 0 1 1 1 0 0 1 0 0 1 1 0 0 0 
1 0 1 1 0 1 0 0 0 1 1 1 1 0 0 0 0 1 1 1 
0 1 1 1 1 1 0 0 0 0 1 1 0 1 0 0 0 0 1 0 
1 1 0 0 1 0 0 0 1 0 0 1 1 1 0 0 1 1 0 0 
1 1 1 1 0 1 1 0 0 0 0 1 1 1 1 1 0 0 1 0 
10 8
6
0 1 1 0 0 1 0 1 
0 0 1 0 0 0 1 0 
0 1 0 1 1 0 0 0 
1 1 0 0 1 1 1 1 
0 0 0 0 1 0 1 1 
0 1 0 1 0 1 0 0 
1 0 1 1 1 0 0 0 
1 0 0 1 0 1 1 1 
0 1 1 0 1 0 1 1 
1 1 1 0 1 1 1 1 
11 16
7
0 0 1 1 1 0 1 0 0 0 1 0 1 0 1 0 
0 1 1 1 1 1 1 0 0 0 1 1 0 1 1 1 
0 1 1 1 0 0 0 0 1 0 1 0 1 0 0 1 
1 0 1 1 0 1 0 1 1 0 0 0 1 1 0 0 
0 1 0 0 1 1 1 1 0 0 0 1 1 0 1 1 
1 0 1 1 1 0 0 1 0 0 0 0 1 0 1 0 
0 0 1 1 1 1 0 1 1 1 1 1 0 0 1 0 
1 1 0 1 1 0 1 1 1 0 0 0 1 0 1 0 
0 0 0 1 1 0 1 1 1 1 0 1 0 0 0 1 
1 0 0 1 1 1 0 0 1 1 0 0 0 0 1 0 
1 1 1 0 1 0 1 0 0 1 0 0 1 0 1 0 
20 17
0
0 0 1 1 0 1 0 0 0 0 0 0 1 0 0 1 1 
1 0 0 0 0 1 1 0 1 0 0 1 0 1 1 0 1 
1 0 1 0 0 1 0 1 0 0 0 1 1 0 1 1 0 
0 0 0 1 0 1 1 0 0 1 0 0 1 0 1 1 0 
0 0 1 0 0 1 0 0 0 1 0 1 0 0 0 0 1 
1 0 0 0 0 1 1 1 1 1 0 0 0 0 0 0 1 
0 0 1 1 1 0 0 0 0 0 1 1 0 1 0 0 1 
0 1 1 0 0 1 1 0 1 1 0 1 1 0 1 1 0 
1 0 0 0 0 1 0 1 0 1 0 1 0 0 0 1 1 
0 1 1 0 1 1 1 0 1 0 1 1 1 1 0 0 0 
1 1 0 1 0 1 0 1 1 0 1 0 0 1 0 1 1 
0 1 1 1 1 1 1 1 0 1 0 1 0 0 1 1 1 
1 1 0 1 1 1 0 1 1 1 1 0 1 1 1 0 0 
1 1 1 1 0 0 1 0 0 1 1 0 1 1 0 0 1 
0 1 0 0 1 0 0 1 1 1 0 1 1 0 1 0 0 
0 0 0 0 0 1 0 1 0 0 0 1 1 1 1 0 1 
0 0 0 0 1 1 0 0 0 1 1 1 1 0 1 1 1 
1 1 0 0 1 0 1 0 0 0 1 0 1 1 0 0 1 
1 0 0 0 1 1 0 1 0 1 1 1 0 1 1 0 1 
1 0 1 1 0 1 1 0 0 1 1 1 0 0 0 0 0 
7 17
11
1 0 1 0 0 0 1 1 1 1 0 0 1 0 1 0 1 
1 0 0 1 0 0 1 0 0 1 1 0 0 1 1 1 0 
0 1 1 0 0 0 1 0 0 1 0 0 0 1 0 1 1 
1 1 1 0 1 1 0 0 1 0 0 0 0 1 1 1 0 
1 1 1 0 0 1 1 1 0 1 0 0 0 0 1 1 1 
1 0 0 0 1 0 1 0 1 0 0 1 1 0 0 1 0 
1 1 1 0 0 1 1 0 0 1 1 1 0 0 0 0 1 
18 3
0
1 0 0 
0 0 1 
0 0 0 
1 0 1 
0 1 1 
1 1 0 
0 0 0 
0 1 0 
0 1 0 
1 0 0 
1 1 1 
1 1 0 
1 0 0 
1 1 1 
1 0 1 
0 1 1 
1 1 1 
1 1 1 
3 18
9
0 0 0 0 0 1 0 0 1 1 1 1 0 0 0 1 1 0 
0 0 1 1 0 1 1 1 0 1 0 0 0 0 0 1 1 0 
1 0 0 0 0 0 1 1 0 1 0 0 0 1 0 0 1 0 
17 14
14
1 0 1 0 1 1 0 1 1 0 0 0 1 0 
0 1 1 1 0 0 1 1 0 1 0 1 0 0 
1 1 1 1 0 0 1 0 1 0 0 1 1 1 
0 1 1 1 0 0 1 0 1 1 1 0 1 0 
1 0 0 1 0 0 1 1 1 0 1 1 0 1 
1 0 0 1 0 1 1 1 1 1 1 0 1 0 
0 1 0 1 0 0 0 1 1 0 0 1 0 0 
0 0 0 0 0 0 0 0 1 1 0 0 1 0 
0 1 1 0 0 1 1 0 1 0 0 0 0 1 
0 0 0 0 0 0 0 0 0 0 1 1 0 0 
1 0 0 0 1 0 0 1 0 1 0 1 1 1 
0 1 0 1 1 0 1 1 1 1 0 1 1 0 
1 0 1 0 0 1 0 1 0 0 0 0 0 0 
0 1 0 1 1 0 0 0 0 1 1 0 1 0 
0 0 1 0 0 0 1 1 0 1 0 0 0 1 
1 0 0 1 0 1 0 1 1 0 0 1 0 0 
0 0 0 0 1 0 1 0 0 1 0 0 1 1 
16 15
8
0 0 0 0 0 1 0 1 0 0 0 1 0 1 1 
1 0 0 0 1 0 1 1 0 1 0 0 0 0 1 
1 0 0 0 1 0 1 1 0 1 1 0 1 1 1 
0 0 0 0 0 0 1 1 1 1 0 0 1 0 0 
0 1 1 0 0 1 1 0 0 0 0 1 1 0 1 
1 1 1 1 1 1 0 0 0 0 0 1 1 1 1 
0 0 0 0 0 0 1 1 1 1 1 0 1 0 1 
1 0 0 1 0 1 0 1 1 1 0 1 0 1 1 
0 0 1 0 1 0 1 0 0 0 0 1 1 0 1 
0 1 0 1 0 1 0 0 0 0 0 1 0 0 1 
1 1 0 1 1 1 0 1 1 0 1 1 0 0 1 
1 1 0 0 1 0 0 1 1 0 0 1 0 1 0 
0 0 0 0 0 1 0 0 0 0 1 1 1 0 1 
0 0 1 1 1 0 1 1 0 0 0 1 0 1 1 
1 1 0 1 1 1 1 0 0 1 0 0 1 1 1 
1 0 0 0 0 1 0 1 0 0 1 1 1 0 0 
5 10
11
1 1 0 1 0 0 1 1 1 0 
0 1 0 0 0 1 1 0 0 1 
1 0 1 0 1 0 0 0 1 0 
0 0 1 0 0 1 1 0 0 0 
1 0 0 0 1 0 1 1 0 0 
2 13
19
0 0 1 1 0 1 1 0 1 0 1 0 1 
0 0 0 1 1 1 0 0 0 0 0 1 1 
17 5
14
1 0 1 1 1 
1 1 0 0 1 
1 1 1 0 0 
0 1 0 1 1 
1 0 1 1 0 
0 1 0 1 0 
0 1 1 1 1 
0 0 1 0 1 
0 1 0 0 0 
0 0 0 0 1 
1 0 0 1 0 
0 0 0 0 0 
0 0 0 1 1 
0 1 0 1 1 
0 0 1 0 0 
0 1 0 0 0 
0 1 0 0 0 
9 3
0
1 0 0 
1 0 0 
0 0 0 
1 0 0 
1 0 0 
1 1 1 
0 1 1 
0 0 1 
0 1 0 
8 11
11
1 0 1 0 0 1 1 1 1 0 0 
0 1 0 0 1 1 0 0 0 1 0 
0 1 1 0 1 0 0 0 0 1 0 
1 0 1 1 0 0 1 0 1 1 1 
0 0 1 0 0 0 1 0 1 1 0 
1 1 1 1 0 0 1 0 0 1 1 
1 0 1 1 0 0 1 1 0 0 1 
1 0 0 1 1 1 0 1 1 1 1 
8 17
19
0 0 1 0 0 0 1 1 1 1 0 1 0 0 0 0 1 
0 0 1 1 0 1 0 1 0 0 0 0 0 1 1 1 1 
0 0 0 1 1 1 0 0 1 0 1 0 1 0 0 1 0 
0 1 1 0 1 1 0 0 0 0 1 0 1 0 0 1 1 
0 0 1 1 0 1 0 1 0 1 1 1 0 0 1 0 1 
0 1 0 1 0 1 1 0 1 0 0 0 1 0 1 1 1 
0 1 0 1 1 0 1 1 0 1 1 0 1 0 0 1 1 
0 0 1 1 0 0 1 0 0 1 0 1 0 0 1 0 0 
12 5
10
0 1 0 1 0 
0 1 0 0 1 
0 1 1 0 0 
0 0 1 1 0 
0 0 1 0 0 
0 0 0 1 1 
0 1 0 1 0 
0 1 1 1 1 
1 0 0 1 0 
0 0 1 0 0 
1 1 0 1 1 
0 1 1 0 1 
12 3
2
1 1 1 
1 1 1 
0 1 1 
1 1 0 
0 1 1 
1 1 1 
1 0 1 
1 1 1 
1 0 0 
0 0 1 
1 1 0 
0 0 0 
14 9
15
1 0 0 1 0 0 0 1 1 
1 0 1 0 0 0 1 1 1 
1 0 0 1 0 1 0 0 1 
1 0 0 1 1 1 1 0 1 
1 1 0 0 0 0 1 0 0 
0 0 1 0 0 1 1 1 1 
0 0 0 0 0 0 1 1 1 
0 0 0 0 1 0 1 1 1 
1 1 0 1 0 1 0 0 0 
0 1 1 1 0 0 1 0 0 
0 1 0 1 0 0 1 1 0 
0 0 1 0 1 0 1 0 0 
0 1 1 0 0 1 1 0 0 
1 0 0 1 0 1 1 1 0 
5 9
5
1 0 0 0 0 0 0 1 0 
0 1 1 0 0 0 0 1 1 
0 0 1 1 1 1 0 1 0 
0 0 0 0 1 0 1 0 1 
1 0 1 0 1 0 0 0 1 
4 16
3
1 1 1 0 1 1 0 0 0 0 0 0 0 1 0 0 
0 1 0 1 1 1 0 0 1 0 1 0 0 0 1 0 
1 0 1 1 1 0 1 0 1 1 1 1 0 1 1 1 
0 1 1 0 1 0 1 0 0 1 0 0 1 1 0 1 
15 15
6
0 1 0 1 0 1 0 1 0 1 1 0 1 1 1 
0 1 0 1 0 1 1 0 1 0 1 0 1 1 0 
1 0 0 1 0 1 0 0 1 0 0 0 0 0 1 
0 1 1 1 1 0 1 1 0 1 0 0 1 1 1 
1 1 1 1 1 0 1 1 1 0 0 0 0 0 1 
1 1 0 0 0 0 0 0 0 1 1 0 0 0 1 
0 1 0 0 1 0 1 1 0 0 1 0 1 0 1 
1 0 1 0 0 0 1 1 1 1 1 0 1 1 0 
0 1 1 1 0 0 0 0 1 0 1 1 1 1 1 
0 1 1 1 1 0 0 1 1 1 1 1 0 0 1 
1 1 1 1 1 0 1 0 0 0 0 1 0 0 1 
1 1 0 1 1 1 0 1 0 1 1 0 1 0 0 
1 0 1 1 1 1 1 1 1 0 0 0 0 1 0 
0 0 0 1 0 0 0 0 0 1 1 0 0 1 1 
0 0 1 1 0 0 1 1 0 0 0 1 1 1 0 
17 6
1
0 0 0 0 1 0 
0 0 0 0 1 0 
0 1 1 1 0 0 
0 0 1 1 0 0 
0 0 0 1 1 1 
0 0 0 0 0 1 
0 0 1 1 0 0 
1 0 1 1 0 1 
1 0 1 1 0 0 
0 0 1 0 0 0 
1 1 1 0 0 1 
0 1 1 0 1 0 
0 0 1 1 0 1 
1 0 1 1 0 0 
1 0 1 1 0 0 
0 1 0 0 0 0 
0 0 1 0 0 0 
18 13
18
1 0 0 1 1 0 1 1 0 0 1 0 0 
1 0 0 1 0 1 1 0 1 1 0 0 0 
0 0 1 0 1 0 1 1 1 0 0 1 0 
0 1 0 1 0 1 1 1 0 1 1 1 1 
0 1 0 0 1 0 0 0 1 1 0 1 1 
1 1 0 1 0 0 1 0 1 1 1 0 0 
0 0 1 0 1 0 0 1 0 0 1 1 0 
1 0 0 0 0 1 0 0 0 0 0 1 0 
1 0 1 0 0 1 1 1 1 1 1 1 0 
0 1 1 1 1 0 0 1 0 1 0 1 0 
0 1 0 1 1 0 0 0 1 1 1 1 1 
0 1 0 1 1 1 0 1 0 1 0 1 0 
1 1 0 0 1 1 0 1 0 1 1 0 1 
1 1 0 0 0 0 0 0 0 1 1 0 1 
0 0 0 0 0 0 1 1 1 0 1 1 1 
1 0 0 1 0 1 0 0 0 0 1 1 0 
1 0 1 1 0 0 0 1 0 0 1 1 0 
1 0 1 1 0 1 0 0 0 1 0 0 0 
10 9
3
0 0 0 0 0 0 0 1 0 
1 1 1 0 1 0 0 0 0 
1 1 1 1 0 0 0 1 0 
0 0 1 0 0 0 0 0 1 
0 1 0 0 1 0 0 0 0 
0 0 0 0 1 1 1 0 1 
1 1 0 1 0 0 0 0 0 
0 0 1 1 0 1 0 0 0 
1 0 0 0 1 1 1 1 0 
0 0 0 0 1 0 1 1 0 
14 10
12
0 0 0 1 0 1 1 1 1 0 
1 0 1 1 0 0 1 0 0 0 
0 0 0 0 1 0 0 1 0 1 
1 0 0 1 1 1 0 0 1 1 
1 1 0 0 0 0 1 0 0 1 
1 0 0 0 0 1 0 1 0 1 
0 1 0 0 0 1 0 1 1 1 
0 0 0 0 1 0 1 1 1 1 
0 0 1 1 0 0 0 0 0 0 
0 0 0 0 1 0 1 0 0 1 
0 0 1 0 1 1 0 1 1 1 
0 0 1 0 0 1 1 0 1 1 
1 0 0 1 1 0 0 1 1 0 
0 1 0 0 1 0 0 0 0 1 
19 19
13
1 1 1 0 0 0 0 1 1 1 0 0 0 0 0 0 0 0 0 
0 1 1 0 1 0 1 0 1 1 1 1 1 0 0 0 0 0 0 
0 1 0 0 0 1 1 0 0 0 0 1 0 1 1 0 0 1 0 
0 0 1 0 1 1 1 1 1 1 1 1 1 0 1 0 1 0 0 
1 1 0 0 1 0 1 1 0 0 1 1 1 0 0 0 1 0 0 
0 0 0 1 1 0 0 0 1 0 0 0 1 0 0 0 0 0 0 
0 1 1 1 0 0 0 1 1 0 0 0 1 0 1 0 0 1 0 
1 0 0 0 0 1 1 0 1 0 1 0 0 0 0 0 1 0 1 
1 1 0 1 1 0 0 0 1 1 0 1 0 0 0 0 0 1 0 
1 1 0 1 1 1 0 1 1 0 1 1 0 0 0 0 0 0 1 
0 0 0 1 0 1 1 0 1 1 1 1 1 0 0 0 0 0 0 
0 0 1 0 0 1 1 0 1 1 1 0 0 0 0 1 0 0 0 
0 0 0 1 0 0 1 0 1 0 1 1 0 0 0 1 1 1 0 
1 1 1 0 1 1 0 0 1 1 1 0 0 1 1 1 1 1 1 
1 0 1 0 0 1 0 0 0 1 1 1 0 0 0 0 1 1 0 
1 0 0 0 0 0 0 1 0 1 1 1 0 0 0 1 1 1 1 
0 1 0 1 0 1 1 0 1 0 1 1 0 0 1 0 1 1 0 
0 1 0 1 0 0 0 0 1 1 0 0 0 1 1 1 1 1 0 
0 1 1 1 0 0 0 1 0 1 1 0 1 0 1 0 1 0 0 
6 4
2
0 0 0 0 
1 1 0 0 
1 0 0 0 
1 0 1 1 
1 1 1 0 
1 1 1 1 
14 17
17
1 0 0 1 1 1 0 0 0 0 0 1 0 0 0 1 0 
0 1 1 0 0 0 1 0 0 0 1 0 0 1 1 0 0 
0 1 0 0 1 1 0 0 0 1 0 1 1 0 0 0 0 
0 0 0 1 0 0 1 0 0 0 0 0 0 1 0 0 1 
0 1 1 0 1 0 0 0 0 1 0 1 1 0 1 1 0 
0 0 1 0 1 0 0 0 1 0 1 1 0 0 1 1 1 
0 0 0 0 0 1 0 0 0 1 0 0 1 0 1 0 1 
1 0 0 1 1 1 1 1 0 0 1 1 1 0 1 1 0 
1 1 1 0 1 1 1 0 1 1 0 0 0 0 0 0 1 
1 0 0 1 0 1 1 0 0 0 1 1 1 0 0 0 0 
1 0 0 0 1 1 0 0 1 0 0 0 0 1 0 0 0 
1 0 0 0 0 0 0 1 1 0 0 0 1 0 0 0 0 
0 1 0 0 1 1 1 1 1 0 1 0 0 1 1 0 1 
0 1 1 1 0 0 1 0 0 0 0 1 1 0 0 1 0 
8 10
7
0 0 1 1 0 1 1 1 1 0 
0 0 1 1 1 0 0 0 1 0 
0 1 1 0 1 1 0 0 1 1 
0 0 1 1 1 1 1 1 0 1 
1 0 0 1 0 0 0 0 0 1 
0 0 0 1 0 1 1 1 0 1 
0 0 0 1 0 1 1 1 1 1 
1 0 0 0 0 1 1 0 1 0 
2 18
6
1 1 1 1 0 1 1 1 1 1 1 1 1 0 0 0 1 1 
0 1 1 1 1 0 0 1 1 0 1 1 0 1 1 0 0 1 
16 14
3
0 1 1 1 1 1 1 0 0 1 1 0 1 0 
0 1 1 0 0 0 0 0 0 0 0 0 1 0 
1 0 1 1 0 1 1 1 0 0 0 0 1 0 
0 0 0 1 1 1 0 1 0 1 0 1 0 1 
0 1 1 1 1 1 0 0 0 0 0 0 0 1 
1 0 1 0 1 0 1 0 0 1 0 0 0 1 
1 0 0 1 1 1 0 1 1 1 0 0 0 1 
0 1 0 0 1 0 0 0 1 1 1 1 1 0 
1 0 0 0 1 0 1 0 0 1 0 1 1 0 
0 0 1 1 1 0 0 1 1 1 0 0 1 0 
1 0 0 0 1 0 1 1 1 0 1 0 1 0 
0 0 0 0 0 0 0 1 0 1 1 1 1 1 
1 0 1 1 0 0 1 0 1 0 0 1 0 1 
1 1 0 1 0 1 1 0 0 0 0 1 1 0 
0 0 1 0 1 0 0 0 0 1 1 0 1 1 
0 1 1 0 1 0 1 0 0 1 0 1 1 1 
20 16
4
0 1 1 1 0 0 0 0 1 1 0 0 1 1 1 0 
1 1 1 0 1 1 0 0 0 1 0 1 1 1 0 1 
0 0 1 0 1 0 1 0 0 1 1 1 1 0 1 0 
1 1 0 0 0 0 1 1 0 0 0 1 0 0 0 1 
1 1 1 0 0 1 0 0 0 1 0 0 1 0 0 0 
0 0 0 1 1 0 1 0 0 0 1 0 1 0 0 1 
1 0 1 0 1 1 0 0 0 1 0 1 1 0 0 1 
0 1 0 1 1 1 0 1 0 0 1 1 0 1 1 0 
0 1 0 1 1 1 0 1 1 1 1 1 1 1 0 1 
0 0 0 0 1 1 0 0 0 0 0 0 1 0 1 0 
1 0 0 1 0 1 1 1 0 1 1 0 1 1 0 0 
1 1 1 0 1 0 1 1 0 0 0 1 0 0 0 0 
1 1 1 0 1 0 1 1 1 0 0 0 0 0 1 1 
0 1 1 1 1 0 1 0 0 1 0 0 1 1 0 0 
1 0 0 0 1 0 0 0 0 0 1 1 1 0 1 1 
1 0 0 0 0 1 0 0 0 1 0 1 1 1 0 0 
0 0 1 0 0 1 1 1 1 0 0 0 0 0 1 0 
1 0 0 1 0 1 1 1 1 0 0 1 1 1 0 0 
0 0 1 0 1 1 1 0 1 0 1 0 0 1 1 1 
0 1 1 0 1 1 0 0 1 0 1 1 1 1 0 1 
5 2
12
0 0 
1 1 
1 0 
0 1 
1 1 
8 10
13
1 1 0 1 0 0 1 0 0 0 
0 0 0 0 0 0 0 1 1 0 
1 1 0 0 1 0 0 0 0 1 
0 0 1 0 0 0 1 1 1 0 
0 0 1 1 0 0 1 1 0 1 
0 1 1 1 0 0 1 1 1 0 
0 1 1 0 0 1 1 1 1 0 
0 1 1 0 0 1 1 1 1 1 
6 11
10
1 0 0 0 1 0 1 1 1 1 0 
0 1 0 0 1 1 1 1 0 0 0 
1 1 1 0 0 0 1 0 0 1 1 
0 0 1 1 0 0 1 0 0 0 1 
0 0 0 1 1 1 1 1 0 0 1 
0 0 0 1 1 0 1 0 1 0 1 
13 15
2
1 0 0 1 0 1 1 0 1 0 0 0 0 0 0 
0 1 1 0 1 1 1 0 0 0 0 0 0 0 1 
0 0 1 0 1 0 1 0 1 0 0 1 1 0 1 
0 0 1 1 0 1 0 1 0 0 1 1 0 1 1 
1 1 1 1 0 0 1 0 0 0 1 0 1 1 1 
0 0 1 1 1 1 0 1 0 0 1 1 1 0 1 
1 0 1 0 0 1 0 1 0 0 0 0 0 1 1 
0 0 1 0 0 1 0 0 1 1 1 1 0 1 0 
1 1 0 0 1 1 0 1 1 1 0 0 0 0 1 
1 1 0 1 0 0 1 1 1 1 0 1 0 0 0 
1 1 0 1 0 0 1 0 1 1 0 1 0 0 1 
1 0 1 1 0 0 1 0 1 1 0 0 0 1 1 
0 0 1 0 1 1 1 0 0 1 0 0 0 0 1 
15 6
1
1 0 1 0 1 0 
1 0 0 0 0 1 
1 1 1 0 0 0 
0 0 1 1 1 0 
0 1 0 1 1 1 
0 1 1 0 1 0 
1 1 0 1 0 1 
0 1 1 1 1 1 
0 0 1 0 1 1 
0 0 0 0 0 0 
0 0 0 1 1 1 
1 1 1 0 0 0 
1 1 1 0 1 1 
0 1 0 1 1 0 
0 1 1 0 1 1 
9 12
8
1 1 0 1 1 0 1 1 1 1 1 0 
0 1 1 1 0 0 0 0 0 1 0 1 
0 1 1 0 0 0 0 0 1 1 1 1 
0 1 0 1 1 0 1 1 0 1 0 1 
1 0 1 1 1 1 0 0 0 0 1 1 
0 0 1 0 0 0 1 1 0 1 0 1 
1 1 1 0 0 1 1 1 1 0 0 0 
1 1 1 0 0 1 0 1 1 0 0 0 
0 0 1 0 1 1 0 1 1 0 1 1 
12 5
7
1 0 0 0 0 
0 0 0 0 1 
1 0 1 1 1 
1 1 1 0 1 
1 0 0 1 1 
0 0 1 0 0 
1 0 1 1 1 
1 0 1 1 1 
1 0 0 0 1 
1 0 0 0 1 
1 0 1 1 1 
1 0 1 1 0 
14 4
10
0 1 1 1 
0 1 0 0 
1 0 0 1 
0 0 1 1 
1 0 0 0 
0 0 0 0 
0 1 1 1 
0 1 0 1 
1 0 0 1 
1 0 1 0 
1 0 1 1 
0 0 0 1 
0 0 1 1 
0 0 0 1 
2 8
19
0 0 0 1 1 1 1 0 
0 0 0 0 1 0 1 1 
3 6
13
0 1 1 1 0 0 
0 1 1 0 1 1 
0 1 0 0 1 0 
7 17
20
0 0 0 1 1 1 0 0 1 0 0 0 1 1 0 1 0 
1 0 0 0 1 0 1 0 0 0 1 1 0 0 1 0 0 
0 1 1 1 1 1 0 0 1 1 1 0 0 1 1 0 1 
0 0 0 0 1 0 1 0 1 0 1 0 0 1 0 0 1 
1 1 0 1 0 0 0 1 0 1 1 0 1 0 1 1 1 
1 0 1 1 1 0 1 1 0 1 0 0 1 1 1 0 1 
0 0 0 1 0 0 1 1 0 1 0 0 0 0 1 0 1 
6 16
15
0 1 0 1 1 1 1 1 1 1 1 0 0 0 0 0 
0 0 1 1 0 0 0 1 0 0 1 1 1 1 1 1 
0 1 1 0 0 1 1 1 1 1 0 1 0 0 1 0 
1 1 0 1 0 1 0 1 1 0 0 0 0 1 1 1 
0 0 1 1 1 0 0 1 0 0 0 0 1 0 0 0 
1 1 0 1 1 1 1 0 1 0 0 1 0 1 0 0 
12 19
8
1 1 1 0 1 1 0 1 0 0 0 0 1 0 1 0 0 0 0 
0 1 0 0 0 0 1 0 1 1 0 1 0 0 0 0 0 1 0 
0 1 1 1 0 0 0 1 1 0 0 1 1 0 0 0 1 1 0 
1 0 1 0 1 1 1 1 1 1 0 0 0 1 1 1 1 0 1 
1 0 0 0 1 0 0 0 0 1 0 0 0 0 1 1 0 0 1 
1 0 1 0 0 0 0 0 1 0 0 1 0 0 0 0 1 0 1 
1 0 0 0 0 0 1 0 0 0 0 0 0 1 0 0 1 0 1 
0 0 0 0 0 0 0 0 1 1 0 1 1 1 0 0 1 1 1 
1 1 0 0 1 0 1 1 0 1 0 0 1 1 0 0 0 1 0 
0 1 0 1 0 0 0 1 1 1 0 0 1 1 0 1 0 1 1 
1 0 0 0 0 1 0 1 1 0 0 1 0 1 1 1 1 0 1 
0 1 1 0 1 1 1 1 0 0 1 1 0 0 0 0 0 1 0 
2 4
0
1 1 1 1 
0 0 1 0 
16 12
10
1 1 1 0 1 1 1 0 0 1 0 0 
1 1 1 0 0 0 0 0 1 0 1 0 
0 1 0 0 1 0 0 0 0 0 1 0 
1 1 0 1 0 1 0 1 1 0 0 0 
0 0 0 1 0 0 1 0 1 0 0 0 
1 1 0 0 0 1 1 0 0 0 0 0 
1 0 1 1 0 1 0 0 1 1 1 1 
1 0 0 0 0 0 0 0 1 0 1 1 
1 0 1 1 0 1 1 1 0 1 1 0 
1 1 1 1 1 0 0 1 1 0 1 1 
0 1 0 1 0 0 0 0 1 0 1 0 
1 1 1 0 1 0 1 0 0 0 0 1 
0 1 1 1 1 0 0 1 1 1 0 1 
1 0 1 0 1 1 1 1 1 0 0 0 
0 0 0 0 0 1 1 0 0 0 1 1 
1 1 1 0 0 1 1 1 0 1 0 1 
4 19
13
0 1 0 0 1 1 0 1 0 1 0 1 0 0 1 1 1 0 1 
1 0 1 0 0 1 1 1 0 1 1 0 1 1 1 1 1 1 0 
0 1 0 0 1 0 0 0 1 1 0 1 1 1 0 1 0 0 1 
1 1 0 0 1 1 1 1 1 0 0 0 0 0 0 0 1 0 0 
8 19
2
1 0 1 1 1 1 0 0 0 1 0 0 1 1 0 1 0 0 1 
0 1 1 0 0 0 1 1 0 0 1 0 1 1 1 0 1 0 0 
0 0 1 0 1 1 0 1 0 0 1 1 1 0 1 0 0 1 0 
0 0 0 0 1 0 0 1 1 1 0 0 1 1 0 0 0 1 0 
1 1 1 0 1 1 0 0 1 1 0 0 1 1 0 0 0 1 0 
1 1 0 1 1 1 0 0 0 0 0 1 1 0 0 1 0 1 1 
1 1 0 1 1 1 0 1 1 0 0 1 1 1 1 0 1 0 1 
1 0 1 0 1 0 1 1 1 1 1 0 0 1 0 0 0 0 1 
