50
998.1502428882992   856.756705826148   144.79617246947993   64.95517779394876   11
757.7809337653274   708.3720837565132   45.283615777551454   124.10172246091169   9
442.07155971240667   144.85870194772505   147.30743273872062   5.195991655310718   2
189.39964812817738   889.4884378601992   150.11776529072802   90.46235250781812   15
773.2290205714606   435.71664031844375   84.2636908317347   72.99659506603336   8
555.7762038174395   604.7044581364413   147.88564153111508   116.2500079296724   12
200.7746446265571   882.3667442689679   138.83830798486608   57.19307888414047   8
374.7242772816136   28.834879922732203   125.68874484376337   170.5581199871039   4
331.7991612032862   134.71158519383135   161.67530660216374   134.83130335379423   14
371.9267102979522   879.9750550354918   79.53045991907061   191.11554791366004   17
830.9735227183293   360.8268737190741   60.08387847438585   55.00387187191765   19
233.63373654003067   830.3754750188909   63.73097393899289   106.55712769299447   10
379.1290032230726   72.88635074421262   199.39371886659706   156.77966383471818   6
610.4027278917606   996.0869662567353   70.39618098336963   23.325248687456018   4
91.26331634345969   840.0844168225367   96.8990805869303   199.32460583725592   5
169.26860240850777   725.8943750812618   41.92746303262326   54.11140894222061   15
874.8511649189909   428.55628513343197   116.30782315087482   122.59594745661587   2
153.6523869357546   5.312168733594802   167.9014333634209   39.66195094792675   7
190.69304551298   420.9743801633903   8.329992360487278   6.473655451835688   9
183.04058118368442   476.1772512629519   145.53187123232996   72.50486601168716   13
979.4404626516789   838.1858662088392   126.83945195328582   149.08766891935966   10
105.87976180618503   845.3441746813048   31.881660135903434   96.11507576481588   10
852.9968384537787   309.31183600992534   6.182498282919959   58.61535302541206   5
138.77660501109807   375.2169302689435   126.63643643569237   196.6784333534328   8
9.626266407762817   647.9056115249167   140.56722830449073   29.724539848733894   12
369.3213355347849   137.3908086546168   10.80523643843191   117.99275381281521   14
758.730921165954   78.42549272958327   102.32032092056518   40.0097182055994   10
765.1714931141407   210.1203852239552   71.01671604894003   187.60973059841305   11
848.8088612567255   564.6206627057619   53.15718873483557   52.93114881423141   10
425.9090670306   375.1217808795931   85.5975382392287   87.29868303430344   5
788.0060944721574   574.7504776072934   48.88381066658322   25.374448639659278   2
940.6013895268838   444.50159424039146   187.32678780584754   17.95354525096154   9
915.4032806497856   487.5363604552137   76.5590919037611   131.74424025957939   17
772.650049517059   614.9897266835719   61.97042419713923   139.66780416571922   17
112.02088983119712   198.41974046211834   98.48491417137737   170.08607640930293   9
448.6496495605705   935.9817681973516   28.933140894920037   106.27756668662892   19
117.33735051786425   300.4601971240983   3.7794526449529537   188.73328549774598   3
60.63248221166412   107.17695991352488   148.55393617538326   71.29818036013243   14
884.7740667186114   826.1394371524602   98.841530843055   154.07196363853478   17
927.317259636461   561.1042761891686   196.8936821528119   79.67841899547275   20
432.7023669747994   946.0605050181427   178.78128722922975   175.69735651685022   5
93.61584197221646   331.4371551205469   176.05486842141065   17.74966260403266   15
399.4646302141254   635.5219947106342   156.4511153038417   4.874427998893534   4
756.2994164228256   142.22398368753858   165.0915617910667   18.321309387745504   13
727.0026434002177   87.80617929802487   39.50131963855094   63.949558512029085   7
188.9374911625164   361.0931656579489   75.48628537691228   27.415584852274005   6
787.0218601993288   454.49261299164783   50.275880356841725   143.77462790246727   20
629.6205772499892   399.6573373288777   77.7882455308562   68.67957094118601   9
313.5781532729905   56.16176671182399   1.1896180103403786   152.11584110449354   3
164.51708637170475   11.384103756547914   169.44665312329874   167.21740430866816   13
0
