1
1500
-62678115 105772236 133166046 -652855
247508514 8344860 87037684 174876419
-265336553 -16770829 -251502820 85533006
88721869 -131008771 15845907 80222303
150283129 193080710 49435132 178260950
-82996869 219654596 -79293555 -7886970
25505475 241158023 185000140 265555963
-209896539 163114261 35364978 -225517529
-85725963 70297473 182120501 -264835416
23082383 -160733766 -1220823 26816444
-197929648 -53255820 -186589983 217807428
202143124 -154296654 27580057 -150200398
-19276448 55833258 -204239847 -257597558
184386319 -170842857 216675956 12531510
169185493 115943896 190797738 -73650497
88496604 -208489732 -88622624 -21802646
-11022738 204086604 -205145217 193219437
163649266 -31680411 -134305247 -20704241
117479754 32362365 35306279 -247700192
-216338337 125060867 161576266 -164939124
46748531 199554651 -259023402 217879344
57142525 -7397754 218283461 143151092
-80046855 -259264112 -61080400 7826607
109959576 -252803274 -184792281 201039140
187393794 64279069 210254418 234882475
-39453155 -1029236 -131438722 6942903
-107053949 -181188975 -112764987 45973667
216473099 -218714611 -44811926 -112688376
173781677 36144305 72490515 201336004
114610626 193326132 126006883 -189582682
31226503 -227007137 169679450 -202367359
-57860389 186219458 222399296 109371932
64111711 -259390907 31492132 -114469164
-226293868 168144383 199064853 -18772164
75699913 121928485 148085675 -144587695
203527356 171316097 15266022 264476945
-100577709 195688120 -123145314 -246545085
-145969013 -237289583 13416632 -148795667
-51308931 93102303 242451827 28435302
-69963850 68508545 -107347248 238384872
244076907 167854717 54874878 94984701
19391211 12782582 -264178884 -174871551
250342092 157352025 62861926 -173385184
47999238 38732442 -100906565 33053210
-268093613 1683349 -24734767 -247395038
77799801 -33135709 197581804 79669348
-81446006 199324003 217268994 231980540
-264706164 -153667771 -118282432 -12685837
155187376 73174288 -101252999 -187123197
-28615904 -68165039 -132060038 -166505616
-118392542 -24453514 -65283189 92067091
-79364996 108092019 98287470 -144388764
89037679 41159348 181638595 -158697824
-56994809 158856664 19312264 208218707
270137 83275589 -235345262 -181959768
-38607964 195518201 -247822710 -254963873
-221186670 -149666394 98346191 -130995433
176726180 259792023 -185672962 -1957167
-216408088 -226643942 -113578585 -91995257
205003201 -70061038 76445324 -179210381
109987979 253296947 182492253 184880433
-179094006 213202874 245892641 214736486
70108673 -82054770 -78947140 -106490858
-57790600 -6364663 -25591699 -11699155
-230715442 -79877645 -8722826 243568958
179265554 135090548 -180766990 225140104
95150545 156689553 -175510007 98743893
119449518 223762021 -79365007 -195036823
167005470 -22447647 250591223 189729632
-41485166 30197074 48553226 142949538
-247885495 220239997 -140041262 -233657166
231838818 -245748466 -245795400 -227767002
89283782 42210285 -179714606 -191354546
199068158 84198321 58527600 -47707068
-189808215 265386033 -85264598 267431962
101498620 43222145 -23193 -222946767
-188645012 127883415 -73710430 55320853
-98768633 -4239682 104961034 249875240
-75916636 -240670729 -156807016 -46182246
-250903999 57703424 -219576132 -167525541
-185641102 -237296795 -169137296 182821681
3537247 114784610 -257237146 -93994660
216603513 151849369 134410053 -21884756
232522692 -163903391 -28819628 267229796
22535125 21551324 225602391 216250319
233232870 219148648 -52559685 -65132400
-178114067 -180127996 -252954308 -191230727
-41305025 -13515931 99530255 112446106
-44418253 168329409 88560475 -151537530
-257522932 132178898 -177121879 147439823
63726941 -29176480 114382887 -47477942
252653886 -144131180 122154959 -136739598
81261897 -178689783 78959717 200115100
-212872731 -46810774 -195333572 -63306447
27841409 -178479418 199495936 28356784
264592472 -156089012 1447556 117984411
229724131 -108421297 114832848 43678335
236229876 28124927 202132308 -148837685
-209878782 75215371 -148773665 -23347693
34455388 -141059016 -187578456 -245273075
82390117 203041749 -192666889 104180872
128310619 -140749770 -221708062 -34056703
16718548 -117814572 -124338798 20756353
-234759942 103131370 65735015 252946224
66157814 -114416785 -231217693 239617261
55864187 -198126906 -252742722 -4145292
-51434174 -109563037 -140371711 169891582
-159653290 132267383 -25881673 247654618
255953235 -108852015 121022259 185015648
37033276 224810174 -251098119 -16705233
-26243468 -31148273 110679677 -86089112
187960501 -192745388 -131339463 14534742
179943138 163984118 -124852024 120847975
194902959 179580486 -247310103 -20684507
60463024 -171560595 244006927 42721620
-9163389 -226164881 146337446 -184110182
80693774 67079978 -162395442 7582528
-10695968 -239420845 -185326408 198488183
60762240 -58358005 240469753 34657713
-173195127 -99021037 -125200130 -183934941
-247844290 15454490 -212111190 143714203
-252778900 120530427 -251925600 -189056030
-105759158 -249983741 61707827 -221187326
-189035711 -65807690 146981750 -159663782
-151404595 212930733 159201643 155071639
-158457132 -123799559 -171412250 -151391087
71682647 -208654501 186530065 -247995937
-18070120 119948180 210242360 -256687155
169264100 246002236 214106792 176808722
185294030 -170391695 34067757 -62199957
41391355 -101204615 -113227827 9847421
266775595 -245345959 -167620699 -14048139
68727469 83639694 -113016045 -23432616
132265357 -187582479 69447878 -254679436
-3304628 -155972198 77087280 -143365772
171775318 -115579474 -189642307 -37116571
98452359 261387247 -239346266 255832690
-98056072 259648299 -57599687 221498850
220713106 -102904332 66581346 172336474
3950732 29491903 -103053423 -211101329
117483605 -203632209 -206750473 175752871
153281699 39139147 -137771545 -852091
16526555 -27132883 160025343 151933079
124722743 -95229804 177157683 -4747220
-243386678 -41885436 18030274 -262498030
87479847 -1045222 -2933134 55351962
166435519 72197050 104073376 -198743520
-173167535 34083278 -224755570 -21916720
-57655314 -2765774 -264650060 254002805
-177340962 148597886 178925121 -261968069
-66959451 -194736351 189352274 -84925985
-207016534 -54924240 122378130 39129580
-250216980 -187872839 138678712 -130917194
253914503 -46042852 -14611631 -240141821
98648108 -262984953 -20392293 -240832887
13320615 28394986 66338041 231032270
-61416103 -190595063 -135489130 -130726813
-55598747 198370199 -216166362 251866292
125401249 -8523900 -160240315 182809673
-223752126 -250341944 199013899 -135929205
221946350 210950177 -189159616 -249223242
-8859671 -177085287 -208367250 173624063
9870101 15538969 -265961945 206893472
222786001 -245657735 239177412 -17828751
-96257086 80803173 4964417 -220430275
-40571512 206724675 23249234 -145236788
-105953540 -206630120 -249799975 -258183053
205479587 16011802 -259066161 -212664010
220734099 -11885734 70701706 -190050736
257049079 142034930 -209056630 84113216
-129778520 254153714 -200557516 189725814
-82229633 -218707411 -216043471 48705715
197794455 48823541 169874171 191991814
260522876 184325121 88075451 100770459
213822266 107055901 87191139 -29639777
-61195548 162110033 -251010653 -118226532
-54742647 41967202 -73125367 -102197484
120033049 -140661787 251712917 115840936
-72305644 171536844 -44383002 -20587925
195425390 177191180 143030161 -130792230
-146579471 167085401 -86593814 -205834949
-133709732 -47120772 -100137148 -36983305
178771864 165901784 181538477 -203908260
-197265101 139855548 -128293285 -184763491
218562780 -14150474 51784933 75152684
261800475 104446295 -153679955 103395164
260316330 127182225 264704352 -43514490
249747493 22145100 -89705055 -61822737
28984966 -14550395 -211870526 55205649
233307835 -266222907 36528862 -59542532
-237189929 -6775155 -128298742 -175765142
-180269848 -192105597 -170798703 61791237
-232514132 -7664585 80246623 -268371580
-238374357 -58186912 -40579894 -135877265
226252319 -29070209 238946497 206830187
68575179 212274957 -23178426 -226851552
41376513 139439784 11024416 -169797943
142602353 -245321207 -190503217 -236619433
-6885280 -153985961 162236941 -101361136
34618118 12356241 -496190 136787992
186010257 213237813 15761954 -174329652
225512219 -139893651 29017246 27114929
-215052187 104925177 184370072 -166625753
-186025477 233182475 88439367 -123376564
-167565314 76215437 -137680697 223357621
-61966630 -221016904 150630915 183102836
-173122304 256073514 15244553 -939913
-177211945 -108489255 -131931198 71239341
-134432914 14403982 201136631 264639091
-106204794 -264118636 107136729 105003214
-139905506 177530166 -206897407 66408811
-213982448 -35102148 -13155862 -24907386
-162922574 222425914 139488193 -51507274
144519476 -185498134 -166573787 -19982152
-156880598 212367371 191640678 107422846
-232625980 -142919864 261661447 184575101
131841971 -21057714 -116682582 127393421
-206756846 241216249 117783975 207180073
93803231 -38267642 116943945 117800702
-232956158 127573541 166455813 -2657598
-18790417 -233629107 69537275 -245507541
-92105819 -227672771 -99199639 -154560663
-93047518 97457635 255204299 174562730
-110006411 -48011310 149472767 220089580
213406764 177630859 157701365 -267353531
-39436373 -49789570 -192627623 -76071475
230952464 152976943 40415432 246625184
-265083659 25265154 214161185 -97629376
-127781184 -79485541 154361845 -212324945
-142596241 -18061498 155901606 242394429
259889111 205666599 -252485220 -173137175
-45073129 78964088 -92367574 -171294094
-107605577 150704842 9352302 -136170342
-148217657 69164517 224804217 -164635195
-59476141 46108510 -243257559 182669476
47156638 -51246426 -13228383 58639654
43427815 -258714448 -8180933 44542189
28650380 249744924 54273801 -27471918
-104392909 259713040 -146527888 -128120666
188880589 -211759867 -223459144 141825193
239868891 132156587 -166847554 248413444
53708891 -28994984 -124686608 -229266796
-27993910 -172514755 168996586 136996181
237927662 221573832 242476207 237736933
-73754908 176128105 -162142671 150102524
-213492245 -191735774 -623851 26763160
-28987857 42362915 -174806623 56895874
-12855337 206026795 258122463 -161366300
-100929502 -35578035 190326380 -19373959
92906871 -183991631 233389503 -107313930
97101961 -256679803 22925902 -135411319
14120586 -30372980 222905369 -28653395
-214590418 -218600667 -76947833 -179718766
118122357 -262828466 67536989 139899040
-102655127 -82788764 -137267339 -5888262
154122750 -153779516 -105581223 -187175367
-206268800 -206678139 53009375 155237857
90448900 -26107466 -186940523 -54041888
81206338 26124281 -190496106 261076228
-78007161 -106472002 159940438 21649147
-237964181 -55739091 37213368 -59370628
-197284310 -74624094 97701870 153660348
-95690726 177208772 -227634994 169476017
180365678 -228818719 -23704110 -29983329
192809843 166489558 -100878843 1736195
-187850982 -90999188 -121048298 -73041678
228514585 110349471 -58148953 101082
25297815 236027666 -7258963 228254061
222575641 -36489727 -245226095 94172210
76242209 55931418 -17095294 -9236683
-77144345 -180799207 256959808 -40057136
41417400 -193620656 83828805 -217576233
188121836 -52411464 -167407629 -215532956
-90827397 -146982196 -76300886 260059838
121762156 59638051 -218884485 35594118
-129845665 -52237949 -119776687 -62837838
139765459 -89498170 -4263888 -52523073
-190376749 140072553 102409105 230259504
208383794 59830698 22464892 -249004736
219809986 -227812697 47491918 123482917
23573468 67288688 50798324 -57400723
23608678 98041308 242511797 -254471285
34260045 176999855 -210369722 49612884
150365390 24504841 -5823528 134150711
153767379 -153052418 245413181 -41014520
-146935028 -157757760 -28267167 -3456598
128304989 -31840427 51479737 -19297569
169115655 -88590219 140249966 -104610414
230761630 -8027265 124726351 -123014145
-27737930 9534419 63395550 -69456257
126119531 251612697 258879880 -77062899
27265818 148196329 -47677957 186540189
173047821 132548404 -98456512 265839154
156596153 258763875 164974903 112349786
-66752778 83348866 181396780 -9121494
91736879 217315232 -228489646 141613584
108848069 141739703 179533920 242670231
172113947 -46741616 -169459787 -192681007
249109458 97930503 250962737 250992061
-206265253 38572028 -86396272 89674574
84311728 -108677541 -87482793 250816305
-100026963 -114041301 139183356 122867372
108318812 232505278 260926669 -201750078
-56532149 219517862 181150060 -152619528
-45066838 -50837630 79722686 -161769657
48498186 -105484956 -22877356 -3846437
251567508 -237916699 -61272620 143201478
38246108 -25627962 30070863 63066021
-2190709 232806532 -195556045 -99654404
-101679783 -124487179 -234812237 -141038466
5034249 -264779233 127593790 -248683286
102078842 -145836760 263072690 131681025
-196724229 185149254 139144231 1189560
-63230598 -2864697 82607119 157969106
81325580 -205389927 170308168 -121968079
241141239 -252716510 244218916 -206994983
-93204644 187842426 248766181 -22994195
-29729021 -244181904 -227260282 -185275715
-79774297 -132640678 244898297 -178268977
31940466 100660560 -151717042 188321205
-89245746 180790962 -48025679 -228434431
-174430165 -117430229 216631009 -238707259
108836237 11276931 -182704295 -245456010
20363444 -13598554 -136161002 -127259377
-55131964 153285814 102952431 224020306
252419834 -94519800 159338378 -261183353
9176002 -25480620 -61814156 -245650343
-168604342 170949656 68675651 116449799
154630348 73982802 -92916415 62963237
-42646235 170011983 -187546382 -129006979
-139205405 -4861425 264555145 -260282661
214428224 130199361 -196640710 -193769351
76342122 59787495 154657247 -202383416
-12020256 -263007023 240496425 -193223821
-5123080 -45028953 -152153344 -2134574
-232322000 89098211 -30987212 -246747855
69853171 216620550 -793886 -60550259
-172954265 65424288 -263038070 -145728329
-226817767 -242931193 69710725 -147219034
-205313872 90093501 -6316023 86695437
175375580 59410610 -264421050 -63862801
-262382086 -144038004 -8396496 22084630
-256395901 165223675 117939316 208703185
-191096270 259144405 -163722218 -264639948
-131523913 -63838012 244660983 185507779
-49393106 -205199975 225321559 -225513798
208333212 177597140 -8041661 68336950
224201963 -224160373 -261596247 -122592231
50424065 -76424332 -12392321 76472932
-249363913 -186276791 110059718 -72265984
-242331333 -25467177 -230048932 97897169
102943794 -120437041 -140738324 138694653
-200423600 164990646 -44956249 146829754
-246019806 229271326 -18392565 -243653116
138206480 -92882605 -122343958 168777674
22195739 -15186113 124909727 265595246
129280234 165100896 -183745035 -174675125
-72454524 -261206228 -99914836 -252580341
261718914 244205509 184371891 -95574214
-184548055 106300552 -163194259 -230332586
-121590144 235990745 174085225 118868076
-126578652 -38902473 220427287 -177916275
145379291 -25618592 121937034 167216479
7252364 156455716 161833309 -259771033
-248075659 -227397908 -244540593 241620532
-7389452 22767414 -21380828 -190483533
154483822 232037844 -158964746 -33019154
32061536 6820217 -40652009 -244599246
-104085854 28175138 -176211351 50606677
242026742 157555220 -137743962 200988911
-117880847 1574998 -145282806 109000056
-119401165 242463506 200279515 -76554744
-60625033 -151038573 -206255331 74030109
181009608 -31712576 -91404238 -170526528
209532497 155686006 -192997061 -223697439
-179807259 -11595236 -143613140 -188075505
138182731 -161231036 35064049 127151097
-258881687 69835921 36275564 190851922
-133771695 -161061188 227271033 44826785
262047995 -204164510 230666956 121154696
157717885 -124504244 -224743344 26876861
232717571 186886586 -185147090 -101986196
82120814 -134088367 23053233 45822871
-76128939 -43048793 -217697071 -213554046
84775923 57883893 183787978 -199261137
213176572 -206510469 -193150587 -24052511
136186971 -135439846 123916567 33588125
227397583 -10494099 26373074 -256318902
-123682004 266832487 -194871702 -232098030
-170849785 -166514123 134091624 98287808
-64278424 -170254146 -217225329 87127998
-114429033 224674875 -204240837 -249847682
-11494065 87194789 -21321659 13341199
114308083 -11156570 -218381235 189011330
-266349944 143774489 180627629 137832841
125792545 -151164070 34902501 -244709391
-176313058 222567998 -228759309 -95440313
-226245354 -9127001 14022523 -241615206
127047526 187953323 253166866 223911972
-247424693 192947481 -261045265 -67073132
2959204 27158293 204845129 177458856
-167309410 159125779 -44464300 89016825
-95504960 169267231 -4318980 -148711989
-221984315 -102737378 163063078 105514758
46299496 -47265953 -39019295 247996221
160283808 226792220 27944646 -13270337
-44580170 219664432 141431761 145450075
-188931687 33308678 174902187 131261864
64962694 259670463 104667545 239375336
-61703831 -209607460 -99450560 191220501
-133416105 77271177 -129484499 -263559776
-94181211 -63300283 -19438214 63362261
-52922462 13119520 -250846587 265786419
217445518 182980044 28185108 -162750503
-110296176 102822992 236471193 16950533
174297519 -31548011 -101597926 -196019195
-241812536 211814051 227976266 43859007
235042392 -266162314 -162265221 -253326766
-76145919 131925586 -95215962 79186611
-115201715 186813784 -41299163 253968771
146657670 -45456709 18942728 177204233
244531082 97290936 166030450 -141658899
227987707 223941039 -259176584 10395572
45748053 -124047362 259296337 114861218
160902356 -56796303 -149170193 -181955785
-86587747 -184667608 16661420 236771935
-50132635 -45436525 2660882 -84763919
114832724 202516887 -264169665 -168599702
-185854419 -109378597 67058383 -65122101
-218635200 -178148220 40485390 -197774570
235776507 212948473 178587922 -135205663
-95870511 -124925091 126164357 -267941767
-57489227 184811134 -113579517 149640547
110487916 -172972056 -23563593 -201234694
108894215 27281101 171528504 152719310
25234453 12029527 167873091 -225675720
123818775 -131694583 -133993144 -68864930
94796907 108076298 -175068269 228352411
21957728 -82368146 -31410931 21607970
-43701254 -4064908 -153315262 -3442020
117998263 -246181142 248095824 70227472
-89656696 -156799696 27638784 -64973115
-93640097 135723278 -163152590 -259939392
-196779794 201929679 110801976 -261806168
-83428946 -19937837 -549041 -180010798
191744929 102276925 91039534 -22624115
-17609465 -78012041 -7470144 -108480106
-13583323 -211102946 10763540 -203772145
228130627 -111786933 -214670037 13463963
63746152 -32478605 -25595001 -250758906
-76487493 23490159 100871045 156918610
-100490265 189071638 -46282310 -84974551
-237517471 -160616349 154244868 -120317570
187757212 -226030692 -14933150 -17517883
-133604020 234515674 245650299 165114596
211161004 203312888 37406241 164756556
65443787 -265002351 -154783090 112507100
130962627 -212988331 3357156 141457235
20388418 7420675 143165165 234783666
-83556749 -55260538 -27095588 118714962
196827775 -183268938 -185281190 249746983
144580983 32270943 -16423205 203516027
212134565 38926935 -239355514 -262945978
-54007387 -65669190 -148846373 218809010
208606144 -65315939 242874728 -209056302
-141971796 -24700209 99791839 -238625990
191070518 45060364 78979001 -8163836
77050998 -64406053 125575033 52167831
-105199621 -196030586 77281073 186963705
-193718826 207232246 -203417144 -106233818
-54951046 107374991 -90048843 236771873
-100138153 -180217013 -85642110 -63714233
191722269 -159684151 -186704034 -197762176
-191985161 88357917 -217910903 25914330
264466389 -125857178 -215959109 -7062130
-149040951 -194210263 -28822272 -185159811
-60430582 -28665794 -63876240 -207501916
-142512773 60809217 225197927 -185969330
-84496138 -73172383 -38330689 99408033
-65044037 -92037351 179575414 47114210
94345394 204860616 107603931 -104466121
96918777 -201464179 -173845164 -232882680
12753989 -208260945 -31368596 -95845877
119439380 87541153 175232282 97801091
-209764682 -171377831 46210463 -183837968
-216263950 -222089042 86967187 -122119071
-68487619 206504799 37327326 166891144
248509711 39268500 218317099 155727892
-184968453 184327003 107169374 -87663463
-13989825 -32433704 -140975726 172779255
-200952800 -152177859 -25227353 225330000
143863065 -213193286 -144781577 -121517643
-32684019 114475137 -125691650 -52749488
-267849336 96306886 83306381 -56805976
173362082 32171965 265082715 177742530
133280137 -179602959 -104579036 190989284
-36846295 26733225 143212942 24116598
-98605162 -44717818 255037365 -145680324
22414301 -43442533 151874008 -87130373
180313014 -147598318 -159960605 259126643
-173690115 -213863947 125040450 -224040073
43493810 238811577 117321107 152923683
-129117520 65649398 -132464290 49413695
-111178923 31454098 -211596434 128560806
161064189 -235820901 -218895140 100920967
187746778 -192862419 149200763 -109940169
161384869 15967979 -43387772 -131103220
133634564 -260552799 241042032 -162969789
135629039 3365971 18982296 -16696599
146903841 -219360625 -14472548 -239115412
199119050 45740383 -16124311 -76891342
119074898 63773347 -248418999 67900987
234130328 124129014 210490279 253876356
-136051852 121739797 -144198669 -104525720
-148649138 -166346022 246798618 68613683
75104517 263038449 -139727179 215629224
-245809729 197592340 -181467592 -265453172
47262673 149515063 -258665959 261979303
143067607 -7929573 -78186167 -9175973
-128060455 162199811 -44990868 143504029
-64560051 -182411546 846831 27005840
46636562 36145709 176639663 113824210
-151152086 102358516 -266652199 52273122
-33877006 19816152 113642455 -268287670
150997279 -106122101 -27424598 30628640
72438240 240642946 61942444 -171472545
151244608 240840068 150650594 -165604373
-179454117 -95486080 -74056080 -95109497
-239687021 -172550152 145383375 155743745
147096944 235280931 -123099303 184441827
-199988542 -259351979 233321869 115061366
-220884360 -100594968 110833073 52443766
-243716833 211157200 -185385055 29365474
-105968242 217934929 200269229 192008723
232138782 -140110484 -47759602 -174537113
135475311 -11733106 35595141 -132616342
-14254765 106045282 -213615024 -41250851
-48583795 -101097907 11270840 24636071
155860382 -227536573 -33080657 231257537
-38825293 92916717 11024682 15491137
-92238742 216204502 -243700093 -126761674
136312729 6098682 42954237 -108668638
106027265 -189540097 205325024 -94775347
-12883713 61378282 -58939867 251095899
66324449 18222934 81229766 -168962912
146524190 195596387 -248336933 -191480252
76542288 -120472230 244418103 72573988
-11327831 -88432484 -254152350 64048205
241779324 -200095766 -229477520 6401669
227595447 -158990849 99417758 33021295
80168842 77085239 -10660436 22465640
-27194654 205423509 46929683 246804175
183569119 -190941576 115136392 -172931801
9523543 6358051 -250751566 135697446
16617189 -89846601 -81686772 35165751
42261486 946720 110305622 83969603
-172684481 -142604936 45850756 165138320
-66319851 -7894749 -80472947 -41365602
184502014 159131766 195394727 164864060
-178732473 15008503 93422303 140557219
-209211731 709074 221809014 -86490449
40970925 27460867 -180471458 -225247113
-181511857 238000090 -113563132 -145108000
-9328551 91753615 2230181 -265840689
-7798087 -35846247 -241172783 241168054
-12514994 -161620292 220869742 -41581746
50145179 -242079756 243888483 79715988
7967758 -127951719 1903947 1999008
-133689346 -25291260 -197317790 138816068
5483487 46085006 47605126 -39142281
5848958 163259294 255584932 66709294
-9411070 14568392 268349606 -119968113
195522062 175413962 -237743237 -40235332
19519584 -73294319 -177702929 233291794
-33168775 -188095473 -168562462 -221798618
45990601 82736333 244044253 218448173
-48755615 -236886686 150300690 -105964647
72669598 53939681 -193884617 210300276
237541760 -219596703 -187321322 -159133861
-216401693 -228278685 166771599 240128951
127172794 -232476147 39582040 233238740
-38619256 -149826018 20804880 -45051651
-41025303 -147390140 82894014 -264548068
-98332800 225049742 8049770 76170351
155029897 -252478812 5655620 -177653407
191777676 -167081150 -236446436 173502119
81359208 97208455 114213582 124916478
-152143190 -44510750 -3886985 -211895841
-139607826 222635692 -251523569 -227704055
156580603 35505825 206697956 -251930961
125811481 142847445 85168515 -31669269
-71805290 227092668 257185089 32897200
-62113351 -213031551 -260834783 -132209125
-254565821 -26321392 -11489716 8703155
-51690179 -225929891 42726307 176874332
-104584774 134044109 -53361430 -17274645
-116458528 -235714318 -121160913 161650194
191924545 20895049 -6261628 180127762
248050017 -221746939 244695146 -171948189
-23530739 -72630640 -168153267 107558428
-30612741 -13841398 60136099 -20239577
172681009 -155725996 259551027 204328207
45410581 193875204 127352498 -85278118
188546631 -155086392 237273164 148026199
-3602239 93851107 219001723 -161487221
-174208585 225057759 -154786393 178896570
186814618 235313775 133610536 77880614
-247631069 -44225378 31297493 79268017
248285146 232855703 -88453287 -266584616
-190666116 -9649057 -126750905 -215928805
15769234 145234395 -96656496 249332518
-80574034 -258488488 121041377 -247835192
-265097719 -203169534 267898811 215701586
67468686 -170958528 141647705 -264311079
46810509 -184165312 -39975004 127152283
-233193580 -69464106 -9328871 -63962352
264538717 8291734 -125493048 -264033243
4105755 40977467 -250004433 -161022683
135194049 85055421 240032970 264806420
-183718810 127185354 88677848 -61404666
-21824088 254000329 -231821434 36925544
212994319 -121474829 -240837989 224262157
-187422812 -225220964 46348006 -204375541
-212026779 -101535492 -86809157 -85795308
-124504704 188750116 215028617 101982593
185259527 57663319 134429937 2668451
-72189216 200931532 121163712 -205823084
-161994491 99150354 224682442 -212642801
265688761 141303537 154262159 -192069803
251116767 -34519958 -168732181 -219544456
34319063 102966076 37659770 94832242
63807617 -239368587 -177156867 -197561348
-159669212 256485107 -106112638 18001173
680815 -242775499 245689696 245426723
-94865408 -29172162 16480545 61361296
-229658440 -1122146 -205080047 79474125
359962 -40588643 -142599447 -44488986
89955821 168322226 -73746481 32583511
225197170 -222969853 238378594 -83604599
57072639 121970336 -32188936 248485177
20564817 157613018 150853867 245337858
-129306723 268274778 156214615 -177007299
-13420649 -78416753 -152412923 -222704302
-79967233 174405912 16244243 -138845226
-199220569 188276765 -155599846 333093
3684962 -53666346 -116968546 98392709
267988354 -78896132 169350892 -217282056
-160876375 -200823829 -268432431 -54878022
-44119445 -190060557 222175380 18977424
-229693218 256638413 -182591892 111461539
-113714674 -216601977 -105571192 -245593268
-25351228 82143746 74638724 214673434
106424355 -23404144 -122233458 171120491
-164601793 -131711217 86444881 22494257
235997270 67818289 184638088 -76152851
-207951501 109706079 36388177 -167146189
111184509 -174801630 191135245 -199430321
86166994 223383048 167544292 1443676
196327429 263833030 22431776 -101687278
-75693006 -199601981 -249706716 72500261
-4056137 -85446066 110838925 220770660
-224010441 44706779 -53646520 -159480441
197776335 48703376 23024004 -195251685
-26837430 146571620 -131072020 93009857
87768761 260303632 -159821479 -136181706
-176272931 146747726 18275319 158204480
-250857161 -3844564 176487631 -112890657
-18404231 212642231 -190032130 48902457
-175472405 150207812 226103654 -17330789
106703309 179944572 -252976466 -160701288
-68613305 -138393213 -247341310 100562642
689030 23183179 159582832 -260873177
-248868035 142319850 136693784 40561306
162204323 159994815 -236286045 58831704
-258979098 -54512577 -755387 -196233121
254060719 -196127152 -37452129 -116901584
-110634890 170635242 -33197203 -57570131
-126910746 -55984280 -136336229 25025561
-193511721 199051867 -16986595 -39333913
162838374 -92522178 -88765128 -141357247
33828107 15211259 216110589 -251311688
-259767521 103376616 253092219 155040914
-46592074 174569447 81389328 -32167069
-259522581 -61664643 100627337 -40828744
-38295185 154173674 49122612 -218926407
-256505390 132765 22536814 -175900701
110526730 31820239 -192739539 231202236
-206548325 226953167 -28581618 -202355984
-76537069 -181159408 154750001 72026611
-188200778 68117161 232291214 -115051558
-124170956 -131493233 -920413 111650909
157028043 206773976 -179180779 -172248032
-71170898 -177484697 82063026 214977984
-133013774 -139317758 47984680 219928834
126537589 92215409 -231127707 169613520
6960251 247758804 -88426805 -176607014
-147778400 153169409 198357869 244286077
-82905304 -155090004 -108230413 -156788132
-155682626 -203824409 22017185 -119955092
-65477992 -61574875 -46098626 125987542
-6847456 215130331 195934950 20935870
95142435 -79439756 -219146427 80428588
26231713 -31579731 -73011100 106047227
140699167 205309863 -185752710 -92347054
-42830487 10504767 111548699 189454114
-208703831 -165839096 59177981 82494883
103790461 97141211 31434522 -258054255
-187985291 -257520025 -71618491 204259167
-166729307 -194057733 -155014816 -26582435
-182845396 -207647128 142135021 -63969137
253431716 192793614 -100552369 -100084278
-171940868 159631663 -250862732 167516310
43718960 206203985 -200615822 -85877897
38113002 -50489271 -132264355 233876417
-136810241 -109342761 78243163 -238515357
169467573 49746572 -2742063 171599768
43653760 -262000441 -154469641 44825076
260793277 118109915 244732583 251461518
-5131429 246361737 -263793682 -176205761
-184458076 68064574 77957106 95415791
-199968313 -29381373 165932130 -56562295
19918006 -121024350 -246390554 -84925709
-29351851 208046302 238654309 -81234538
-49073532 151067262 -219163297 153383185
250199501 65155392 -177459570 -129858245
125670964 164951083 245656679 48916293
-86687765 73576643 -92298844 -40173400
-97353841 -7373133 100826820 224756198
136371911 186557609 -150320073 -25148984
170256267 196529778 -17791563 -77512618
58873003 -240494396 -182153202 -3555530
-200597714 -4798881 -130304235 -220487740
-119117596 -90754935 -155520836 -59595590
-206218629 3505149 -226545772 -50880802
-115653818 65741973 132612615 -17908859
90863694 -80251003 49823286 -125842021
-169301014 -231124267 -225571134 44498961
-145285406 -112463113 -267813781 -198918578
21810244 223960161 -74812238 209586022
-173143799 234425224 -146812793 -61231859
-136112336 -52580893 -11162099 -80115274
-210074886 -5305362 150821013 176701786
-267554315 208110951 -6445099 -142274554
-12101622 186347192 149057703 -225233968
190671177 -62391789 -7614604 -75413430
108354090 -54462333 146829888 267272339
-248203348 159418895 143551693 59193018
-265198984 147198179 -19201572 113260555
267400256 116215222 -135930000 97721952
-155553292 241542362 236285978 166567238
-22762783 -245694299 210328473 -197428652
161977307 -262524531 -72731567 -68496917
-142279920 23628450 141487613 195274317
-16462853 128874641 34545449 222122872
-48355737 16043811 -139905964 -44634030
38644223 -189640829 -242708809 61748418
-128262698 252586092 96365025 43987316
-3470992 223780074 53803139 115443159
101599428 -185116717 -88057689 231101713
-180120870 -230798698 -235357417 41400578
-111442730 198968629 189647114 -112731173
245414342 -144653765 -219159716 -118184934
84051072 -143339991 -15391202 -169840035
201249686 -37599772 -36179862 266511776
110381746 69034909 92070040 -268137726
254803320 -76367375 30957894 -183568923
-97286420 -188430171 231605123 -28010959
-67215530 107542911 -19286372 5291466
-105475951 -123721926 -52090077 18614329
231256859 54467413 -44475117 210402110
172575069 -189627720 74969284 62982575
-251279134 261367978 199598966 262276359
26441788 118141238 -205106472 -231722050
110724152 262198957 -71112146 -70922094
-230033534 -221269542 -23499301 256618824
180000834 -191483306 -11420236 96481604
-182052579 193448871 -218499604 239181798
99317892 199492345 -138057743 175369426
-34306233 -234178144 68138714 53016463
227231732 41967791 -51995496 92192579
152569462 -174429100 -248821809 -94791485
-91955467 116649444 140761936 202615764
167588950 224146739 -217335826 -246975833
-89006320 4892223 -258232509 -20376538
105405552 89829250 229386753 174586629
63174323 34559358 -149711074 163839788
-98652280 -116095288 251939214 217424873
-74492083 261636122 -50975786 263341729
-109762886 73505981 63199765 -108384744
-157536866 143853358 -200982118 36589690
-140726360 -231469777 -59527568 190962536
-112479716 -78241786 68956893 -141566131
125813971 72623990 112972968 -60997583
-112841933 -12374840 -107409321 170876802
185493879 -33322064 -255065677 141628939
198956709 -225622665 -125328837 -261537836
-218386671 -91875869 130539285 -192702514
251034210 29551531 -33480183 -75027004
18452224 222534903 190789750 -153533497
130408716 -188972817 80666459 -183557749
-92704000 185758029 251811873 -168559971
233448902 -252732820 -28908797 -106106214
262604604 -267611296 1799239 -146868729
-212691573 -126286847 261013121 256334492
225979785 261630682 -247828962 3180415
117443639 29130574 -80562866 112562550
131318726 -50443987 -246065857 72464090
-8521162 -138901245 159667726 107235680
51263330 -48786380 128712071 -159568115
141333590 55008182 -170504708 -87637280
129799093 -2492133 -208322640 16010866
66049986 182132303 -223287339 -65397928
147541523 -6935735 243400170 -80611860
-180218818 -61400121 177461716 -156491853
83961772 240964058 16674883 -158797040
148111198 70354347 243431042 -66162312
-256798323 185759061 2772453 -177838391
-150933946 -93251145 27276923 -63835424
-235347235 132559225 114888444 -147333273
-179932666 108910032 -37945777 126974189
30660293 -61270649 -3764990 -165078189
-138714858 -110364639 96555895 -152858094
-138417452 -115910855 163149460 118323643
-65660203 179743731 -122903293 103430578
-200154893 153995211 -51497905 37303999
65264126 -176498171 76319971 245294326
-121115083 -107853305 -242136307 194710632
190238065 135431470 85940966 -120959615
177355173 -168214167 75216747 243614955
-165921624 -261908078 197269499 -263408627
-155642481 128122667 -82756037 39267344
-202440818 -163171237 -200192702 -66552208
262818490 171951502 176056594 253454592
253721485 18862503 -143672682 -196328290
266939609 68345856 140667265 -194853619
-166435078 256737230 -129328084 211047188
51932552 175016896 71997248 132714712
11735522 64310769 -165369513 -184952865
-70423754 -244129950 254485296 251179852
-255547563 175037937 -157662454 95162227
130139681 -129680080 -38594047 124445763
230662513 35411565 202168395 -253459256
78789560 -105505912 -16216252 -233063504
-54494652 2802103 209345311 97250345
-77384623 -264113735 -156281380 -164465760
-175299132 -227211863 -110445893 -98894428
81205289 188787893 136752358 169851033
227055564 -128991504 -42172451 -49892864
-200424390 184267220 -60108284 -45898790
63785619 -176621887 -123183744 80235914
86323423 -237850078 209095263 -65513880
-125198871 2191993 -76503069 219425967
-176009640 257358100 88545337 119570995
-255162930 -206292812 15043822 -156868859
257912517 262721335 -176092975 -254197607
97130789 68940083 2730109 -57731253
185493725 178463136 -30480881 -85365783
-129732636 -116829389 -30671495 183550113
-110563773 202029323 -225951753 -261492336
-161535590 -51075469 125822633 9466208
74285408 -259698625 118684133 -6311728
-112424932 -134318820 -105040254 80280849
96082119 -42032084 48040397 60311902
74443356 -135825092 235163614 15757078
-105448459 244703941 -147469246 162682895
52079674 -118303244 175533397 -68910270
193725488 227816136 -256944558 11311165
190529789 139724283 220286832 66602220
-251211941 -106385717 -32128089 91713165
258154876 120930925 -123307185 -242873133
-142520698 -51881950 140246240 248273879
-162292205 236103853 139411489 23798401
195731372 -231188876 -54998857 -213530161
-242966133 -8713864 56586027 63293419
41789739 -4961237 246321529 -146044678
-78382359 14290226 -102117742 169181346
90496204 -72187703 236314118 250060121
220715542 3262893 235577956 -223730607
-55531936 215467719 97532163 -52246297
154075729 72275182 -2815780 -262071675
-53548127 101832822 261204926 -123288265
-138095361 79120926 100647138 10076483
-231665645 239799879 -87678011 -68928039
-87690089 -209868317 70231045 68747924
-15487832 -119919901 34914297 134150259
-171814452 64914379 116119030 41485449
-162080144 -85234867 260284726 80686118
87403496 189595495 -248860245 100935984
-241421125 -117449722 131828964 -188412272
-193597859 -203067887 125876621 254598456
141642487 -231806015 112540257 -150458713
8181342 -35531072 -162728077 -36530895
-147854293 -26580424 -195901318 9737527
-153610874 -124901440 264681111 -55627738
77075970 -39517023 15956908 -201768938
-1131485 78662717 33051828 -194559515
-62743065 -61887833 150919789 190999632
164017311 -81383850 -21196534 98471545
97769568 4755599 209580566 -219470126
56502741 112771491 87459121 111377499
-163860789 104039492 -11622645 54541823
-112476447 26166774 -169615961 188809962
-43719533 -206367367 19202690 250418167
-420326 -43319884 -26402944 -258773573
261570996 -39695412 -37409264 -222551053
263714005 143135472 142299706 99195489
140239450 124328260 224092363 -198951095
175575258 -219330646 -247502009 46818023
-6434404 221638854 -169110573 249215519
-30601613 -263474262 116363078 -35604957
196615199 -156235385 -173172498 -4440101
230015600 12972216 -168787038 -212087961
251236867 -82564331 -242798728 175939749
-15994210 213078577 -149914071 115152427
-64617479 -142263871 194227286 -91069844
62479829 -251644194 -265196022 -112145732
-74642585 155200336 -237185562 251757864
226521023 -50924513 -161377228 -260715999
-50491860 85390835 -213247371 -203939116
123393436 152417757 -108628825 -177558511
-217188494 -176293380 -74508212 -19284681
-59180202 15710179 -18607271 -249697074
-178140589 264962908 -224175179 -215512500
150098401 -24567315 85102003 -13765997
110014878 -171711298 -22929950 -140041684
64336339 -206464517 93562347 75019347
-267137375 110161293 122683140 -81039957
-114974166 -218020186 -217674942 140179505
162307156 -132237018 147441821 189307266
-155210978 -17209687 -97551120 -261371154
135348549 74549788 96751309 -46196913
267290545 108628352 -162160362 -168829925
-218547267 118640931 132372132 -16229118
136578084 94345610 -94968857 -178746182
-137802666 -63023665 147873949 -220975481
123497971 -12548618 -171817707 -184634699
-183277450 39996855 104633405 180675104
187779392 -155706593 -189189064 -15973268
258641473 3070999 -44730646 -37512775
37277726 112620440 -131595087 -209346343
214679035 239422346 -91742002 259965626
-187438074 -108203671 -262209057 55563896
-206268945 26531879 -249680368 -3475203
155370177 -79513510 98646296 -197877115
-163028853 -252826167 -91048786 46792090
-234005035 -95741453 114517136 -167638558
-147067843 92682826 139658022 -194452034
-218296795 178046103 1959810 -172593992
186077177 -218517548 91324056 221847231
-90328323 207511207 -96291880 221383108
-8851942 7462114 -79247576 216073967
42614680 -128084243 232738143 -143185328
-108660470 -264688813 -226182996 -264643638
-197006549 -67708593 230789199 236987184
-132453349 -52186989 -139199643 -202340613
34828836 -124963640 37884442 -95970745
176466232 166618418 -98272449 -252508619
-71831280 448585 -228815724 130331380
-54998033 -206000275 -126060173 94292121
166549129 -4357218 191884199 142002743
-264267921 9356947 -30674432 -265111360
-227823515 -249721721 34698936 155865649
125668485 133290009 245232296 -236931050
-76175722 -209755261 -183260897 -101597931
40812472 -1092048 71422362 -199539130
-165477415 -8493351 141511165 218052228
109732445 -8972023 -153811351 138764152
-62880642 -174326263 232543999 8383288
-202339887 10605766 -94615500 -119411609
-104593028 7615525 -109699448 14727015
229204188 -41680690 238780408 254297231
153081781 -145872451 -172163735 202267668
-64633917 81740225 -95677440 -45250300
-7387247 260233831 -82682947 107235685
-242937695 -4694802 -267870099 248119347
-31199379 181289026 -165394696 -207366104
126660298 48598210 -99324321 -171706047
-123804752 28709252 -196943946 47177542
-174518268 -135084819 103291959 123598918
102757016 -117291642 36427868 147242980
227833339 37092991 -262855957 -264342497
-100759095 -103225440 -210304809 136690707
-155614989 139896055 129708977 196623148
-94521109 -108595299 190288195 139925086
-58202570 242149798 76265973 246076375
184213927 227658031 233974109 -51473662
-263449101 -245391088 21960321 75102077
-221626987 71024978 77862387 171912370
-24588805 -187407730 256608548 107936645
-59892910 -10687246 -267448763 148628083
-12400620 -111838565 -250256346 1841611
-238632074 149741601 161899159 250911407
55975613 -49508186 -152783235 159794356
242270045 260061473 -162176947 48321951
101548745 167182420 -139734190 212904089
186974309 264497710 -196940778 -212852638
-86361029 146249511 150435365 42897677
-96456655 -141355196 241517646 -180394576
-143767751 4173038 -69961764 169675601
143297700 106403036 -202297626 -210611228
223076863 -231941022 98491862 155289539
188398101 -211926843 48860442 -32282318
252983966 -135390694 144272088 167770131
-259719977 222193680 196588700 -28430288
-123442679 12027742 132326620 108025086
-59295586 147003307 -159945013 -238635501
-32451028 226407336 -234698648 -133188859
-183486719 130171023 -263372582 -3819307
239577933 -222459459 -86249288 225513137
83940881 -186879140 53448027 78500885
-231214347 -217829122 -194930397 -38329235
-81255660 -261500673 82186529 239280017
154472272 65834601 197416163 42237492
42158706 -257241351 97290444 246139416
150443964 198312259 -209574503 -155129547
206726499 -237102841 104261305 -30120657
-96781908 263549688 227042626 -15476254
-206309727 266296885 30325263 -177379031
-109145169 -3334033 223407593 234348790
-40265361 -20847202 238340967 98544072
123427079 191462466 -162634435 241431752
161406872 18940800 17147439 -68207907
-62979937 262806137 14277385 129695540
-233557155 208695315 19919413 265570514
-187561158 -78034624 154376200 77754566
-115131278 -156764102 194445052 117313207
-258059555 218354419 223274785 232592191
142435883 -194026421 -255322603 -97076627
240184251 -50937859 -141935376 25102637
-128349419 -147677840 -193561728 -42232973
81238037 -145563141 120890578 -93742004
103140326 91176708 136476453 -236475182
204240078 249648893 142550042 -230162205
-229584415 208864739 -219012784 218689191
10031469 66588035 125002732 -213443449
262913653 111044519 34702906 -76691333
-104424474 -72935791 -10066401 -75651683
-229769328 -62116097 -16479716 -188862116
-128945064 184343164 67586085 -113408110
233412063 11917485 -203877675 -208651937
-92232316 82461634 136235498 130392103
190625374 175725071 254353383 -13718451
30766114 173418450 187705557 -225423909
34386401 70479546 23936933 28873585
121585672 -126728111 261473008 221751401
50597262 -259220503 192139893 183789016
52604550 -189403228 236984212 -15886817
76895090 210504031 92171907 -245498113
-10162802 64876985 -137415719 12964349
257184807 78795476 26141465 65824288
216166632 10022477 125523327 -38486604
-91379116 4256744 64453329 33097334
237339252 246066550 -243887861 152313067
-177064532 76188423 66158143 124197098
168099271 -28037717 -248093687 -245009118
-110586488 123339287 -119802498 210419284
-97548947 -46576061 -68785540 248809198
224958366 -94869925 -191269715 -83090953
-15935392 149162516 28004399 95088232
-252061122 -25909134 167385279 -196939804
-50833030 -145200793 121010805 47391780
157178141 189170389 -125924275 -76767184
102582977 -54126369 213635032 210625646
-220901236 -74072466 -69083136 -248064735
-36887987 -52817731 50693502 66044486
87612668 196450079 6654752 -44816002
-101103513 -225474882 -35306173 60404390
175879164 144736743 152098993 -166633425
-193479206 185130243 -21232365 8826986
-218006171 98150589 -88354361 41058545
218479780 115436580 -179618792 -51125154
-162143265 52328475 69381896 241402164
-93613007 188692122 109817367 15508278
-184911432 -57699401 186323057 199389970
92467221 60583748 215603519 -219705783
-244666312 80459086 225430322 15639026
-249347189 -217817434 -191820412 235784084
47291180 191428707 240519609 -32658877
-211446864 -38874421 13599745 255340232
109439389 -204940417 195111329 -225884377
238377862 188431051 -256313733 238062430
-252060231 -48743565 -197552021 224636732
-86848134 -266256189 -199378722 2886666
5762184 208739759 -142713010 144019017
49837199 -106675710 -89722563 -91791498
221930230 -176893808 -141938905 -120679053
-232142630 234394416 -138369766 76110738
166236217 -193003038 113564206 54565882
-92382576 -90033837 -80623114 -258694428
-155642639 -257132074 105509009 -178933709
117069083 -249364836 224481873 161906433
-7836223 258038155 -41851683 212456946
-164532685 -204991900 -181133883 151289070
-34855196 -111157313 -74887052 -113541103
33319210 -109912598 -104673452 -98967025
-37701079 -17501972 -260121237 198825113
39154023 -53471612 73893902 101537254
64848949 -190594626 -128625465 39746283
253100360 41487216 82413152 -32219525
30151826 165889117 -26634565 244073159
-40102377 -35931153 -131542157 113337599
183600393 106912120 -118072489 195449470
-28831875 60871833 94006881 -41151729
247113104 22661675 -96416921 89945930
28347244 -260339906 162878802 57654059
-258685923 -24261080 12704032 67290714
-224853867 248874095 -6880127 -32041404
-166386351 62795921 202867003 221678186
62700167 -208759560 232728263 -110637501
38938844 182719183 268353250 245773443
-238144702 -87424142 158095197 -199851678
-218471966 28397002 59361530 -39770013
114991758 158194082 -205371254 -103218069
-89679930 244572968 -14321303 147890292
-170031252 261801584 85236445 -127626426
118865425 89803131 182600204 -36768882
-69434922 -16800413 227974100 166512437
17459786 -143603198 -198211221 -13222787
150083512 132823955 229490150 -156785447
-188379465 -43017834 -169515738 -200541913
141751002 -28206879 188146179 199829710
201138537 31916877 115670527 -61370129
-218044638 -37277921 -45507088 -172468177
-213326462 -40421970 2528416 213146478
-123650581 170858528 -210731918 -95275322
238595786 172157742 -37204085 -78835846
-28222760 -36238996 -242664908 -240722074
-11881461 -218556031 231567208 -23461691
131962640 133855471 -145424640 43286031
215931127 112246604 -43677710 191661292
-257039714 -136207075 227898348 -7798794
23369227 181782613 -107752496 267462826
210787809 -220847759 254489149 -36476021
-110277633 145783234 -222424266 55894071
102575964 -29911365 -73949928 245845210
-197851847 -145578700 -207250688 -118046024
-218517374 -2191272 157498215 158109453
-5835952 -200819233 7049135 -135436634
-218440105 -44881110 -252571943 -119948640
-211982577 216690674 73456069 248776556
26945504 -76466889 -185952174 -44309290
230180920 -140187557 -143993651 -76001754
61519129 -118364295 83816604 42491420
-67162148 -231033352 180165516 206611932
-191915895 58617638 -135633919 206800325
-222979525 -149544768 -228735177 70618793
32813650 13943996 -145613138 213102619
-183622797 249653216 50629465 -53056902
253417775 -232491910 -249338408 42581231
-21965130 67158690 -139229960 36405181
236362967 -22341306 101977039 53067368
120297779 158715446 -261888859 5813704
170251710 -19586503 -150442645 80396458
258053118 -227044102 134187171 54485373
-194228405 -58663041 -150921632 238387760
115863815 -160149038 -257209775 8019438
-17498863 68768362 -117689567 -82132094
103266640 193422011 -170036626 -103657353
171762414 62955235 -135754493 13162368
214579576 -157491683 -98814132 115403884
-148035190 -165181318 -107604636 139151364
-254329475 -42844444 78675626 122177831
135422510 138238028 210214990 -167030841
108430717 77404338 -167111725 -189099186
-45074959 -218870690 159485288 -162880152
-216204513 -242503416 -224825814 203851667
-122695325 11741586 131103953 -215293455
-210397439 188087079 -123514642 71988386
-165983865 -170480673 18649608 176588571
-197183563 227475132 184542675 194572298
-54128294 52789618 62909254 244960698
-135560911 -190850271 -41500304 -253240724
64561028 -99281712 -253562280 -103310200
176187502 -237519380 -80995997 -56468318
-17473045 -139562677 75018542 -35501766
110629500 35591310 216008788 -36379575
154439022 -181219710 -211279734 -258755414
-124922555 3317954 200164037 -245772330
-246518912 -15619848 -134060093 145073246
-20380103 -94352202 227749396 20280551
110627911 -246923557 20060129 -29360438
-78369184 -254164304 -65420644 -256126294
-95229356 241631784 -95433180 -141249734
226611064 144489279 -223454253 -6938346
-98362441 -183581885 93963479 -197868270
-93056350 265021523 189046028 -81390627
250650994 126850650 238696504 69046264
-66525927 -219106126 131199206 -84485419
56919569 -93679543 -93165179 57020334
-101499860 93237495 -145880833 134583326
58866651 215935069 134491472 188269448
-110135110 55946227 -250904057 -252396954
-6298969 -200724715 236775187 110949828
-159433679 -98630084 -83509934 -170650876
97628342 4980884 202092534 -177861866
-149112801 75582331 26138278 241347318
52619907 147117810 117314499 -91398281
-7932364 -54275546 -266102951 -27226665
209366291 242212096 59392574 14744994
99521175 151152361 231188867 243383086
-34531510 76606987 -206095232 56572687
256460533 50604730 138004739 121150038
134726774 -80535120 28185371 192266432
-9205524 -38881826 3986002 88823441
-197272462 -243229187 214867723 83275187
202475615 -225338695 -131039609 253807428
-74534504 -81395301 210471951 146709936
-86486629 -120538322 97451048 -79185212
237393804 135393626 -209656801 -238167423
-147996500 25179560 83983304 69581320
-101261149 -8976779 -131629177 205005777
-102578046 -232542637 21623651 119111356
238062887 -233514165 116120118 171491539
223447164 227910361 81816141 43880653
194644312 -142229199 175544158 268227494
-68475192 -20853101 151222397 -69252870
-101636899 250890308 264067858 -150185068
-14149613 241917068 -60580487 -94359583
-43916770 -209003498 15384924 -160971313
-129089667 -118782645 -233103780 134222361
98396086 -94289432 -260517619 75276923
91998202 -137942902 -58078346 -670205
258082100 -93309652 -138251243 -6240741
-180326207 -236282718 -259466810 -88815280
-200200203 -221722289 22757873 -168632959
-244477697 97340078 -26269884 72135057
-83550267 231350017 -3817450 110982489
-263545856 579773 191973304 138118829
-156464429 -201293517 -80314807 133105120
113093863 128825851 -90230108 -25894443
140927674 -236663120 -128950305 -76454989
-136154215 -16901817 161787160 -119451858
-63839748 -194637686 -64330843 -111586793
159522405 123076486 -109154214 -247541522
111258755 73351584 -255319957 134097152
-150203318 -119366701 224609458 -213743239
141302827 -11442935 -8150683 -192582524
-171604249 229076956 -129830509 63623310
135750901 148048573 -224973034 193036648
182727608 93343471 252653805 -40448927
32442143 255132829 -140573426 -40150107
238099350 173444571 114614347 -255712119
-142195026 -64205247 217054124 159644836
95841334 -162051118 187931458 -191076303
-12533640 107792180 -36143544 -218692199
-14444432 -4732628 197274279 -218598036
76824106 154460359 -23440995 -241007472
41783138 210922891 259090694 169180249
-82319758 -32258322 189471749 -47481267
119350204 79292613 183337423 226854639
36678394 -57246837 -210902661 -237345390
-38784253 -251982758 -20719228 -106676904
-181176252 -122882608 27262064 -16713718
-132188856 -17104322 -24064908 -169662100
-2765905 -233435979 -135965695 10912946
152552028 58536927 201823276 -83651885
-10318302 15533046 -189214686 221781002
50890057 -84485076 -214239290 39323986
96806993 -126234715 -174830993 -257931437
-211369148 123679886 184308883 -166130961
196394506 -254037128 -106115656 -147192719
-219288587 -20190837 172970598 -40300725
241073296 -145508423 208520776 -192556713
33282803 -66365729 38655916 251910875
-227434208 -237816062 41083788 198969100
-139086398 -180754291 -208351183 -151266142
-214613233 174873799 -160145454 2202742
-246820765 -205214249 266628850 -130877824
-140293958 -10634989 -29910239 137204098
-172576885 166467049 -167037854 -105417265
196994146 -31005227 -201219595 -144408957
185425747 18985927 262505345 179206706
-91705483 157143673 -13214512 78813396
-124474608 -53428342 194571144 -162333880
36790523 260323516 80721593 67186462
79918455 -80334875 -132220502 -256330846
196693984 -38555440 -23112823 -5941030
223630652 147305091 165309754 -206173545
127879183 -51742299 -213766378 -19192275
231643261 104516781 81270668 -45861923
222154736 190062147 255147314 -128974249
-46094005 -133494438 171092612 -160076105
-213180590 91619305 -114915217 87201277
-115900138 25798208 -111730856 213728635
-162014952 -93245986 -53012133 175961028
-108364650 171825591 -268271338 -178712631
211407839 -57101349 -176998618 75727543
-226007063 -200191444 -137545267 251614103
-150227591 241438092 -26512236 220922161
-156429312 -127253136 213866981 15055067
30147139 85590733 221734745 -235851830
-9278810 -25466056 46591359 -227564221
142920947 107577583 257827741 -81505291
-80669072 110633732 83823368 112699461
56428535 -45524262 171864406 250530770
-210998102 -198087434 -25359568 218476760
198186380 78514256 247643183 -188198638
5972370 85053501 96717723 -110878851
-161731825 180066052 210476060 51347118
-234408720 45202652 -260632801 -235289625
-6030816 -72905030 -31515874 144365403
54075949 -180428759 -78166770 -4377800
-53453644 161146098 -159069216 92244297
142749227 236819653 -107324807 220810053
-148699665 199987148 199711070 -227566
163424319 -141698223 -236719078 -236187532
-109514015 -143596760 -261536824 43934157
78408429 -242484604 -178375764 120466830
39073581 216959720 -126248811 133826656
62118423 -132281303 165699415 199289974
97699155 -125136246 -61438904 3075305
10871872 104979994 93443729 -98595706
-62092013 -151885516 188893690 235107905
-216552155 130980300 -176949486 203011210
36994987 -121085942 80903916 -186013477
-55465022 -122534646 -190673181 -174820268
-190789 203906224 152480859 54184044
110165292 22067416 -92533169 -107689360
-62496897 -135940862 150748403 -55372124
-260295511 177456156 263486052 -133749987
24723704 91306297 192287530 56603053
-90917463 238005023 -243371800 57849278
252605735 -185766378 -256296866 -235619701
-82837596 26869322 -127077397 -86642634
-256053125 204564324 -7007408 -11995224
28100832 -96799650 -82663349 -258054776
-40104158 129907541 -240958576 -105705244
44966677 248810615 -256234246 -56253542
6572268 -257115068 99804693 53278878
31130584 259088615 -51822399 -116058585
-50467370 44950308 -75732122 -101580571
-255531906 22111688 -240106771 53862112
-65844435 156702674 71546763 227626271
162818795 263303877 34155707 -232032753
-193026249 148816665 -119041446 191050108
193903924 140905499 -42930306 -51119691
158675895 199770558 194293791 -17486654
-149414430 -257947202 -20381144 107730269
-244677680 -234859636 192577935 -195622772
-84464049 -2592225 -211154716 -34514626
158631508 200953347 171347562 -244301904
-197911800 -71424663 -169171252 215611653
-66200216 189745601 -95155013 37594119
43379807 -216723864 -207363860 -178329293
-241522324 -109193106 125472211 -255648769
-182896117 82784951 -220053099 -101109995
-117440127 93377145 195921825 213341433
98265202 -229330885 -38166554 264425286
-98266067 178793412 254856187 -119790829
261991765 181072529 122035961 -45406748
28833751 -56756550 -66112588 -265882853
140435269 -126860736 215727723 67506260
-231366266 -174211855 -166755869 176818741
-143199470 30404550 -30830526 106922857
-195459578 41100887 -205763690 -220734135
-230880365 260495284 -54710839 -68545788
60186111 -261748692 180470872 102190450
178306677 213130058 64977865 263494454
-69012093 -41669320 126749311 -180062866
-249346420 106343528 -224126790 53753750
-212404538 62647119 115551065 -12294244
37925987 -169884687 -225111217 -27693322
-8934180 135786330 197858757 -241002916
-239319295 -160185016 -77825349 256127321
-175393315 51496456 204863468 27177158
-126094266 -87647996 -206250053 108100550
-109191469 -80959939 -12179195 13034057
-80500315 -193066726 -135896206 -197246526
108858046 -64297267 -108515255 -259802988
203552635 171750630 84773262 139257239
55292681 138464809 255169486 -86567490
-167517955 -90675755 -236850587 221139251
245475445 -211670862 -31574509 134041606
42435369 -246264486 92208223 -21301848
-5228045 610965 260925804 75632952
231617537 167036484 83576472 -60481973
-153520424 131790535 152182593 256975461
47144673 14124241 46700012 -641351
61167991 94858017 253084441 5526052
215486937 -52079335 255816741 -35767750
-155801148 53021892 -131199334 264111585
16411313 -78127265 -82820909 -101081171
-49621082 -95960268 -74037782 56865984
-251480112 25982981 -73880862 -86941646
156852618 41263080 204319720 -185311556
-69042682 175149399 123195323 -123747678
-99064345 -134918136 81139693 118508922
-95549434 21381145 50557375 7262183
-224279913 175213747 -6574606 -251638915
3650774 43835017 -133868255 -251639711
231077117 -134119632 37747340 180758679
73524668 -194952455 -30588654 127551781
-223957713 -47570940 49416873 42893161
-242969770 72811540 -99686426 201267896
-237482905 98021323 11135231 2969109
-91207660 -220386473 214619451 -48063646
-75866146 92239751 224963164 -83771155
222805018 -230536654 33971021 235499331
152252306 224500454 126154685 90142622
10714627 -250605952 99911233 -101400025
-25287995 34626388 -77175666 -34846485
-133501899 -220291141 -185096700 -177166696
-195644802 65572151 -199705724 -1002332
21101975 54926680 -106233970 -230294604
-216588637 -49132189 204421819 -240564214
-215096513 -47044325 -243783275 68220251
265971678 -74007104 -70448843 27168705
-251789765 164840812 -221035119 258489872
-156072587 -231736039 74807679 -235208885
222121572 -243983960 241574808 -126249557
253053933 -172670882 -194247575 -235102578
13594115 227698580 -132634937 164520978
254634926 -148443483 100626160 183672469
147895257 -127662579 -9315076 170174428
-190410623 20862743 258194433 -110215186
102666497 -193304322 -242973540 184487234
-116117954 -8617485 208843243 -26776333
102769531 48747556 -256621766 -90731718
66920595 -229686761 37652260 63308085
260846991 -15743890 150250764 -85977519
14130583 -76935598 161165193 85300674
-130872342 -53654222 -253694783 -65331470
-1580548 -254302422 -70524570 260119509
1201751 210651040 262903936 -263599826
-18589716 -159808737 -229108066 48886891
-160515765 108249703 48232851 -53894184
-135185716 161857175 -145139973 218140921
-229022609 256274994 -249935095 137620336
-62225160 -6687399 254311447 -54963656
34053951 252019173 -250192026 -20887690
189401884 -234278839 102162065 179215016
-14216412 14497531 171540341 -24507821
-215968042 -20855368 -155211032 -138608172
159065640 256166696 203792678 -145858419
-205547412 70007486 207640388 221493363
-182649703 181380980 -232525409 193583404
13468917 -49135713 9850436 206485006
116557428 240454134 58898122 214727171
-264993574 -202606022 212038035 -94191877
-265620888 -83552118 -21638332 235941592
-61077645 266202544 127379555 19748748
205415585 -13239118 79124288 224946451
-135603196 226082732 -209115306 -244920099
46252477 -157881320 -187472424 -84821567
77524391 59171827 238337411 230213208
-153353564 -237376006 -247491921 -80364835
-238956281 -199085803 162372972 -153120650
124334472 -190972103 -52715924 -190726468
68401832 113156769 -165100641 -233958586
101317125 -250423163 64171816 -55832565
-223236093 -126735688 39375226 -145572697
-107994542 -261135543 -71867032 59902413
71599159 -39150941 -90361436 260163219
-180640479 217000972 225621288 87974433
-253440023 117548987 138258674 259432138
17709005 -134167691 -171732657 268018652
-8500712 -126452002 186711571 53543718
-87542822 222694428 -115230443 -229700111
-187549782 -228899470 82911349 -36986308
-134212047 87481532 -4095050 107356468
-71426546 -262639039 266646192 -15059463
255880022 253010060 243501320 -24848477
-194986107 265090390 196154135 160701040
7468849 -207418826 238309295 68614728
-93013919 -14959410 13150645 245439115
216781126 -203889911 201465575 32747523
256573124 166197680 -13766716 255217641
157233420 115907842 23500752 -242089294
-159113899 -136578947 -134489453 -183544830
-33007923 -220168220 72185340 -59951237
-103185398 -193112041 -135788674 55399339
-35855411 9805913 226999508 -106890482
9985282 190131801 130368866 -6137787
-29748250 -205108676 67330966 -73626876
-192943487 -232155193 -206940858 -45130095
-247340579 -54136210 105180150 100862532
-264980477 39763665 59628223 150664654
-268050045 40362934 61414629 256582912
45037602 -139013092 -133992808 63368550
-182575943 -61835220 8480016 106708169
164551018 86980985 -52820489 207330397
16746035 129425945 119288042 202722493
29984738 -144325727 100104191 260760097
-68633695 -252331735 -257847175 -173502258
-101426988 -78821858 -6816577 196870203
-972649 -203580162 -68113568 -88717255
-2003857 -155534066 15777864 33690094
254168039 117494343 73880039 220922516
34702902 -120837382 -2179799 24241196
252047885 -142697240 -133895594 211616806
-11573452 -32183275 -39168131 -134032943
180226039 -151458293 170583754 87009783
165000766 -116167325 -36633679 -59137801
81853325 -117492179 136150238 -192433723
232748452 10935097 -260529632 70093551
-265912013 198522801 137385669 -170421697
-19222960 -93509410 111225723 7849104
-179910286 -129014154 117341382 151443613
-174690505 175580528 -25673462 -62364386
-102402711 -166294338 215426105 88655806
