928 58
26
57 85
88 65
83 81
66 30
96 89
47 36
97 74
59 86
45 73
85 79
49 41
42 88
28 86
48 82
98 37
21 55
71 6
39 60
89 53
41 56
91 37
62 87
73 87
11 21
99 17
9 95

515 99
7
62 84
83 84
33 51
23 37
7 39
29 83
71 11

849 84
5
38 74
12 69
41 62
30 23
69 39

34 90
23
73 92
75 17
67 56
44 59
49 89
71 3
13 77
60 94
52 64
54 85
97 20
12 67
97 71
39 51
40 86
77 94
10 12
19 3
14 76
64 63
65 62
39 87
80 29

436 50
30
98 35
83 3
14 64
12 53
43 16
55 50
78 36
45 19
37 33
46 72
88 51
67 59
97 74
5 96
40 99
85 87
41 89
52 19
71 7
22 16
17 13
1 29
99 46
78 45
69 87
90 75
34 56
29 56
3 82
32 85

958 42
23
64 30
34 34
56 22
95 1
69 21
21 23
73 14
44 17
85 60
1 18
3 40
20 56
11 85
16 56
79 52
34 84
69 94
15 19
71 77
97 9
84 39
52 69
85 56

827 47
0

365 17
18
75 19
55 85
40 85
88 23
58 70
63 73
43 26
54 29
38 13
3 50
70 21
28 7
53 55
28 47
65 69
40 40
76 39
75 94

148 68
17
25 89
52 39
82 51
56 80
69 46
49 6
27 41
69 55
59 81
60 15
79 80
19 52
27 70
96 12
80 46
35 62
1 4

5 38
26
14 69
38 31
79 71
97 78
98 85
96 78
89 64
95 75
93 40
19 64
11 56
87 64
98 73
73 43
100 87
56 58
88 13
83 93
22 19
55 80
9 72
35 50
24 49
89 29
44 68
76 59

403 7
10
24 79
3 56
8 10
65 60
99 72
7 9
31 17
72 38
46 2
88 73

530 46
28
68 86
44 12
18 43
57 70
93 48
50 64
23 2
19 61
60 95
1 27
9 28
51 38
35 10
50 24
24 32
18 18
29 91
34 13
82 99
98 42
57 74
28 48
8 32
26 46
72 19
47 78
67 81
42 97

554 53
13
95 84
53 8
89 86
71 66
47 39
36 64
72 73
100 35
95 3
80 45
68 13
11 9
27 100

523 60
23
36 83
78 67
19 96
36 15
37 36
83 74
61 52
75 55
6 96
42 30
61 2
21 54
17 70
48 21
66 28
10 79
97 1
96 39
53 15
51 31
56 41
44 85
91 17

175 19
11
5 48
8 49
69 10
78 29
29 41
6 5
15 59
55 59
6 53
58 21
23 89

729 98
12
64 42
12 49
96 27
83 11
70 44
65 93
70 51
79 5
63 27
41 89
43 73
78 93

785 63
18
100 38
96 14
77 93
56 45
40 56
38 66
35 36
100 82
4 37
15 56
18 30
70 55
97 42
20 14
16 12
49 89
2 67
11 44

650 79
15
32 34
23 83
69 67
18 5
60 6
72 73
43 89
10 27
75 84
55 75
42 86
86 44
45 8
70 82
21 75

833 35
23
83 69
38 18
87 39
98 95
66 60
2 86
47 92
19 37
92 21
63 4
42 35
31 22
92 23
95 6
17 78
47 47
16 99
37 36
30 3
14 34
71 95
39 15
51 17

887 57
17
100 12
53 80
11 73
64 27
22 68
84 94
40 20
35 35
71 75
56 89
2 5
75 50
40 68
71 44
81 48
60 16
96 32

687 64
12
20 91
64 25
60 13
52 83
69 94
65 78
33 58
11 21
47 34
74 31
53 90
22 21

21 68
17
96 63
20 57
28 38
1 96
56 40
43 83
51 49
65 20
4 60
23 85
84 89
62 53
5 73
47 35
18 24
87 99
7 13

399 58
1
2 54

881 73
20
57 67
38 87
46 22
58 41
30 20
24 93
66 43
29 28
4 64
62 47
59 90
47 21
54 61
62 100
60 79
45 98
84 69
42 83
75 81
1 99

651 56
0

671 99
1
72 27

376 7
7
36 48
46 5
11 96
9 46
57 89
85 6
41 25

394 19
14
17 94
1 74
49 60
68 99
78 4
62 91
75 2
37 61
7 32
42 84
45 4
60 82
18 50
43 85

218 37
28
18 82
82 89
89 77
96 33
10 45
6 86
13 63
52 19
25 96
37 87
31 28
87 70
87 33
75 23
25 23
56 90
30 94
71 38
22 18
14 66
4 31
45 72
90 16
63 48
35 14
93 99
68 17
49 31

342 6
5
30 81
36 12
93 23
45 25
46 63

33 11
30
47 66
33 25
72 88
1 95
93 58
75 45
76 12
69 23
98 81
62 49
37 61
54 36
81 61
59 16
43 43
8 86
10 90
77 40
86 34
91 30
26 30
41 65
40 1
33 61
10 37
97 94
30 46
58 50
17 62
4 16

391 60
27
63 1
29 54
39 96
39 10
36 68
60 3
42 36
21 20
81 30
27 14
95 78
36 28
97 56
11 3
56 56
56 73
78 71
66 36
46 68
87 4
59 81
68 98
70 52
82 88
54 50
80 8
87 48

266 67
11
66 69
25 90
45 91
68 95
12 33
78 88
74 68
78 10
29 24
93 29
62 17

546 94
9
69 73
39 8
90 24
42 8
84 80
76 32
51 30
93 8
37 38

997 12
25
87 89
70 75
43 31
24 31
52 16
36 97
87 59
100 60
53 46
81 31
59 84
34 10
55 18
55 72
87 66
7 52
26 73
3 28
58 20
35 78
26 61
19 71
82 13
10 71
53 34

630 91
24
2 52
6 29
35 25
11 24
82 86
64 35
89 9
66 35
70 19
44 27
97 92
25 8
18 19
72 10
78 60
11 82
62 79
56 69
44 96
34 66
53 25
33 97
31 93
11 50

283 52
25
77 95
19 14
83 95
66 28
5 42
5 100
13 36
91 25
68 61
94 8
60 92
76 42
72 5
67 25
5 76
70 73
39 81
27 89
68 21
15 93
44 25
60 19
95 8
68 50
57 62

626 61
13
80 2
26 25
91 56
60 1
22 64
54 92
19 62
30 74
40 63
6 54
65 58
4 13
81 14

839 65
11
42 69
48 47
72 66
57 4
15 24
45 72
25 7
77 7
88 50
90 39
44 93

850 99
12
22 3
19 40
85 95
37 88
87 31
2 54
62 42
57 77
21 33
9 15
91 79
18 11

841 29
28
50 24
83 18
91 4
23 23
7 86
74 10
96 37
90 27
89 38
46 66
38 73
34 60
2 69
86 44
95 82
5 48
65 96
52 87
61 56
93 74
35 67
55 66
92 82
19 44
61 80
5 16
27 51
19 38

842 28
2
27 61
65 3

697 74
8
75 25
98 64
31 19
84 84
66 37
33 75
7 36
52 93

485 11
10
13 48
80 58
18 69
71 58
31 35
38 90
16 56
5 1
83 34
17 89

733 72
22
89 4
48 50
12 92
22 43
7 59
90 31
100 75
98 47
29 34
23 87
55 84
41 76
10 88
57 81
34 81
36 100
1 74
18 84
78 12
22 39
69 84
59 63

275 68
12
89 54
76 94
48 25
65 3
13 88
96 45
30 45
81 47
47 55
72 64
41 10
83 10

279 76
24
98 34
41 5
45 3
30 35
34 69
33 33
97 73
68 29
10 41
73 14
12 65
36 88
80 73
55 98
27 56
89 51
7 76
30 30
16 52
20 60
44 1
74 5
33 40
32 93

396 43
18
70 59
46 92
24 43
97 43
22 79
67 100
6 97
27 48
15 9
29 38
81 68
41 33
17 72
3 85
91 11
21 59
3 61
55 67

927 26
7
30 4
22 2
60 79
57 22
88 68
96 94
74 55

752 80
5
80 49
59 99
10 22
34 80
98 12

995 88
22
44 91
44 88
18 65
38 3
71 74
67 26
80 18
50 92
88 27
6 98
8 86
47 79
65 39
36 10
98 4
46 94
33 41
58 90
44 50
23 95
20 66
84 41

458 52
22
19 78
35 34
93 56
3 65
29 32
19 12
62 33
78 64
96 2
11 19
63 45
19 6
77 28
63 59
90 80
57 99
32 60
16 43
8 25
8 70
33 36
20 26

815 94
11
37 48
58 68
82 82
100 15
44 10
24 59
100 75
84 23
54 60
75 26
33 30

234 96
12
15 28
74 92
41 56
92 73
82 61
42 73
25 49
44 3
27 35
34 18
1 1
6 93

837 27
17
14 11
83 24
38 94
19 75
15 93
37 91
72 27
69 9
85 20
15 23
49 19
5 33
33 1
7 97
68 11
22 94
69 33

703 56
0

444 30
7
86 97
23 87
48 10
81 43
66 84
3 96
28 66

532 7
19
25 55
22 75
96 70
38 7
84 51
33 96
99 80
17 29
3 37
36 26
59 46
63 20
74 54
33 28
46 32
86 44
18 70
91 60
18 65

324 29
28
52 76
26 80
97 32
34 63
50 74
32 31
93 21
94 85
69 73
18 25
63 65
34 40
30 74
91 51
18 10
38 91
23 21
52 63
77 19
44 37
68 27
47 76
12 12
36 93
17 81
45 6
45 31
4 30

551 26
16
49 36
73 37
59 69
20 35
64 29
72 57
76 90
88 99
11 39
27 80
49 43
39 32
76 31
35 68
48 53
88 80

663 96
15
26 65
36 99
62 6
78 44
71 3
42 28
90 62
88 74
22 32
70 19
46 4
38 90
37 98
38 70
37 32

116 49
2
84 99
60 20

216 79
12
77 50
11 56
29 66
50 98
68 2
5 71
60 13
62 43
64 96
80 99
100 100
66 27

593 98
23
93 10
23 34
62 42
4 78
6 80
29 53
20 7
12 99
59 84
45 6
69 6
85 96
47 20
86 64
77 96
5 23
56 69
62 28
5 70
49 65
17 63
69 29
79 88

677 80
15
68 37
57 95
31 15
13 77
14 94
23 8
13 36
43 91
5 92
96 64
12 21
90 10
79 92
71 77
100 10

938 59
27
3 5
88 85
97 31
44 81
55 4
68 31
74 98
2 59
7 37
1 22
11 16
46 92
14 40
39 56
2 25
81 57
93 56
87 68
1 89
92 30
13 55
52 12
70 86
74 5
79 28
96 74
18 89

677 41
24
18 96
49 7
40 26
18 5
91 7
7 6
50 72
84 14
17 61
82 21
95 22
100 62
57 20
89 40
20 97
45 72
30 89
67 93
97 69
28 84
42 39
11 34
99 43
55 46

224 16
4
13 37
88 49
57 84
73 27

426 54
12
39 98
90 77
98 5
40 39
77 25
10 81
75 39
37 9
24 29
69 55
67 12
51 17

533 2
3
79 74
21 27
65 28

601 98
14
59 95
19 8
41 36
26 80
88 67
48 62
16 63
26 16
84 34
36 76
5 9
39 61
82 83
47 66

858 31
10
45 25
95 26
18 32
58 74
14 85
32 71
39 28
54 47
82 24
11 29

801 91
10
67 29
47 5
35 65
31 33
29 11
5 9
78 61
70 30
95 62
45 92

117 23
30
6 76
56 25
67 16
39 41
59 95
93 95
81 24
6 77
6 91
47 14
92 18
87 29
23 5
50 30
12 97
24 44
68 17
84 80
72 34
81 75
69 82
5 25
2 2
44 11
76 59
76 43
71 19
76 14
43 45
42 25

992 54
21
88 70
6 96
19 73
53 80
100 53
57 30
31 1
45 19
47 89
16 87
57 65
40 29
71 53
94 16
36 25
46 11
58 23
95 51
82 29
81 100
29 82

830 89
20
26 8
6 51
66 12
20 70
62 46
16 73
18 77
64 92
90 80
90 86
33 40
74 70
50 84
64 55
36 90
49 74
24 62
25 54
24 41
86 45

490 37
4
86 65
29 45
86 18
7 66

930 77
23
33 50
4 77
66 96
69 40
53 15
68 44
36 77
21 43
79 21
74 89
27 44
24 70
7 44
2 89
39 83
33 29
5 71
67 36
27 22
88 87
83 79
8 56
50 18

607 80
9
64 21
47 76
99 85
91 42
95 87
25 73
57 23
27 96
14 45

915 100
25
2 88
95 86
4 61
40 44
76 94
9 60
58 51
49 45
87 99
45 36
60 11
68 67
45 7
72 64
86 45
32 76
61 39
99 26
21 16
61 39
50 97
47 21
65 8
58 48
83 3

465 3
12
33 69
66 53
76 96
81 10
93 51
64 20
70 70
42 31
92 8
58 90
37 64
81 17

81 36
29
28 18
63 96
28 49
14 15
91 75
56 75
19 93
56 27
96 88
81 87
30 56
65 71
59 93
25 81
6 94
63 8
55 34
82 25
40 83
57 95
21 30
74 64
90 39
78 30
68 38
93 58
80 49
41 57
89 38

20 66
30
93 25
79 27
60 70
9 13
70 54
26 90
63 85
27 64
41 44
11 64
8 51
30 59
52 64
52 68
50 69
93 97
24 95
64 23
36 83
89 24
13 57
41 14
30 27
71 19
82 22
72 81
92 89
4 2
21 95
63 7

808 22
2
79 68
83 29

939 13
15
72 1
67 70
97 65
83 96
69 67
99 65
5 41
94 90
84 9
15 66
87 98
4 70
48 7
89 85
100 61

450 95
5
31 64
12 36
18 78
47 78
29 34

223 39
17
99 32
97 54
3 65
35 35
41 59
43 34
46 82
28 42
65 11
41 43
55 52
22 19
17 84
12 55
45 55
38 82
87 43

643 34
8
46 20
13 47
41 79
77 94
21 35
99 87
79 63
17 51

234 49
21
78 65
71 64
45 75
69 8
93 31
20 28
73 13
25 18
59 4
80 70
42 93
43 18
96 4
73 45
68 97
61 25
88 46
72 32
91 85
15 40
20 84

499 86
16
72 4
14 47
78 93
34 58
100 95
43 89
61 45
12 39
51 37
77 9
80 34
25 61
27 72
91 8
55 13
68 34

502 78
19
58 70
55 38
89 5
99 43
56 33
45 37
39 92
20 5
37 73
97 80
59 8
98 56
10 71
38 83
63 87
56 70
59 73
77 10
4 47

247 27
4
76 15
53 3
22 32
68 25

692 54
30
28 12
34 76
59 37
75 23
44 21
45 30
91 2
100 73
99 47
5 31
58 13
66 59
81 90
9 42
67 86
49 88
63 94
83 82
4 21
94 57
39 47
100 38
11 81
27 99
82 61
74 32
42 39
80 91
32 22
59 41

186 98
21
90 44
26 40
95 63
56 82
20 41
92 45
7 1
79 43
24 68
41 62
4 14
94 83
66 77
36 86
13 16
59 94
34 54
16 36
17 28
21 23
68 89

595 64
15
19 6
29 93
85 33
36 43
88 67
85 12
99 73
85 100
10 93
78 38
6 45
13 57
29 28
95 1
93 93

425 21
23
79 65
50 96
31 21
60 68
52 94
93 32
68 3
12 37
14 57
62 56
69 22
51 90
36 21
66 95
44 8
73 81
76 22
94 74
93 58
51 53
84 97
99 95
31 3

709 63
8
21 18
38 18
20 10
98 11
28 66
9 5
29 8
35 31

993 54
2
77 47
95 94

634 12
5
71 15
26 55
25 19
88 46
8 14

805 59
18
51 24
32 61
42 10
44 14
90 95
93 35
81 18
81 87
32 21
43 95
20 38
62 61
100 18
25 76
51 58
81 81
93 54
63 65
